%YAML:1.0
---
features:
   -
      x: 4.8038403320312500e+02
      y: 7.4476806640625000e+02
      size: 5.3568004608154297e+01
      angle: 3.1408081054687500e+02
      response: 7.0907577173784375e-04
      octave: 3
      class_id: -1
      pt3d_x: 4.6897787475585938e+02
      pt3d_y: 4.2690799713134766e+01
      pt3d_z: 8.4673205566406250e+02
   -
      x: 6.4800003051757812e+01
      y: 5.4288000488281250e+02
      size: 4.4640003204345703e+01
      angle: 2.9590982055664062e+02
      response: 6.1716907657682896e-04
      octave: 2
      class_id: -1
      pt3d_x: 2.1034080505371094e+02
      pt3d_y: 5.0125579833984375e+01
      pt3d_z: 1.0298665771484375e+03
   -
      x: 148.
      y: 591.
      size: 31.
      angle: 2.9337823486328125e+02
      response: 5.7811470469459891e-04
      octave: 0
      class_id: -1
      pt3d_x: 2.6991381835937500e+02
      pt3d_y: 5.0906326293945312e+01
      pt3d_z: 9.9331335449218750e+02
   -
      x: 182.
      y: 610.
      size: 31.
      angle: 2.9195938110351562e+02
      response: 5.3033331641927361e-04
      octave: 0
      class_id: -1
      pt3d_x: 2.9299029541015625e+02
      pt3d_y: 5.0911212921142578e+01
      pt3d_z: 9.7865124511718750e+02
   -
      x: 430.
      y: 728.
      size: 31.
      angle: 2.7275238037109375e+02
      response: 3.5803791251964867e-04
      octave: 0
      class_id: -1
      pt3d_x: 4.4353744506835938e+02
      pt3d_y: 4.5666244506835938e+01
      pt3d_z: 8.7028637695312500e+02
   -
      x: 5.3568005371093750e+02
      y: 7.2057604980468750e+02
      size: 5.3568004608154297e+01
      angle: 9.1229393005371094e+01
      response: 3.2095544156618416e-04
      octave: 3
      class_id: -1
      pt3d_x: 4.7439379882812500e+02
      pt3d_y: 3.9520763397216797e+01
      pt3d_z: 8.0748425292968750e+02
   -
      x: 242.
      y: 639.
      size: 31.
      angle: 2.8974237060546875e+02
      response: 2.5882027694024146e-04
      octave: 0
      class_id: -1
      pt3d_x: 3.3014816284179688e+02
      pt3d_y: 4.8520088195800781e+01
      pt3d_z: 9.5234820556640625e+02
   -
      x: 117.
      y: 578.
      size: 31.
      angle: 2.9693469238281250e+02
      response: 2.2424332564696670e-04
      octave: 0
      class_id: -1
      pt3d_x: 2.5135166931152344e+02
      pt3d_y: 5.0918174743652344e+01
      pt3d_z: 1.0080046997070312e+03
   -
      x: 513.
      y: 764.
      size: 31.
      angle: 2.8821044921875000e+02
      response: 1.8855348753277212e-04
      octave: 0
      class_id: -1
      pt3d_x: 4.9137374877929688e+02
      pt3d_y: 3.5216007232666016e+01
      pt3d_z: 8.3435064697265625e+02
   -
      x: 8.0322991943359375e+02
      y: 7.0469238281250000e+02
      size: 9.2565528869628906e+01
      angle: 1.0645797729492188e+02
      response: 1.8174259457737207e-04
      octave: 6
      class_id: -1
      pt3d_x: 5.5993225097656250e+02
      pt3d_y: 1.7003904342651367e+01
      pt3d_z: 6.4083148193359375e+02
descriptors: !!opencv-matrix
   rows: 10
   cols: 32
   dt: u
   data: [ 177, 6, 108, 37, 84, 27, 239, 120, 117, 230, 254, 207, 67, 40,
       150, 80, 122, 196, 71, 175, 172, 178, 109, 158, 118, 111, 165,
       145, 103, 174, 118, 68, 8, 0, 38, 184, 77, 211, 177, 72, 215, 12,
       214, 3, 232, 217, 34, 228, 248, 40, 171, 128, 14, 179, 42, 153,
       87, 115, 139, 43, 18, 12, 124, 198, 18, 0, 22, 185, 109, 203, 176,
       72, 158, 12, 210, 35, 204, 222, 38, 64, 248, 189, 251, 129, 4,
       163, 3, 208, 149, 112, 138, 131, 20, 12, 61, 134, 98, 32, 70, 169,
       77, 15, 224, 72, 143, 36, 226, 11, 202, 138, 36, 208, 232, 141,
       235, 128, 12, 179, 211, 208, 149, 240, 139, 35, 17, 12, 125, 130,
       75, 176, 149, 30, 11, 205, 49, 136, 174, 252, 128, 173, 236, 246,
       74, 214, 135, 119, 232, 5, 7, 67, 250, 113, 157, 50, 15, 58, 0,
       36, 7, 117, 62, 120, 35, 168, 79, 85, 152, 200, 135, 124, 212, 43,
       8, 156, 103, 175, 204, 153, 243, 195, 76, 99, 242, 240, 83, 81,
       216, 187, 83, 29, 62, 223, 114, 48, 27, 152, 8, 197, 176, 72, 174,
       72, 192, 79, 148, 214, 32, 80, 236, 181, 107, 1, 1, 131, 154, 80,
       145, 48, 10, 58, 24, 8, 37, 243, 9, 2, 111, 225, 100, 27, 105, 80,
       116, 96, 118, 198, 219, 3, 146, 112, 122, 140, 110, 140, 129, 176,
       101, 128, 198, 235, 162, 128, 127, 136, 112, 224, 11, 2, 70, 217,
       79, 146, 184, 72, 255, 0, 214, 194, 104, 202, 182, 228, 126, 173,
       186, 140, 135, 147, 79, 209, 22, 58, 139, 131, 63, 140, 105, 132,
       171, 135, 96, 139, 245, 183, 232, 127, 95, 109, 95, 23, 168, 40,
       190, 196, 221, 10, 147, 157, 182, 184, 101, 215, 46, 95, 154, 195,
       87, 206, 216, 204 ]
