%YAML:1.0
---
features:
   -
      x: 955.
      y: 458.
      size: 31.
      angle: 2.2441476440429688e+02
      response: 5.0905067473649979e-04
      octave: 0
      class_id: -1
      pt3d_x: 8.0742852783203125e+02
      pt3d_y: 3.0368257522583008e+01
      pt3d_z: 1.0297694091796875e+03
   -
      x: 5.4950402832031250e+02
      y: 5.3222406005859375e+02
      size: 5.3568004608154297e+01
      angle: 2.6496987915039062e+02
      response: 4.7470739809796214e-04
      octave: 3
      class_id: -1
      pt3d_x: 7.4125842285156250e+02
      pt3d_y: 3.4894691467285156e+01
      pt3d_z: 8.2172186279296875e+02
   -
      x: 1.0450946807861328e+02
      y: 5.2851928710937500e+02
      size: 9.2565528869628906e+01
      angle: 2.5752947998046875e+02
      response: 3.2028718851506710e-04
      octave: 6
      class_id: -1
      pt3d_x: 7.6176885986328125e+02
      pt3d_y: 2.1313194274902344e+01
      pt3d_z: 6.1438348388671875e+02
   -
      x: 191.
      y: 530.
      size: 31.
      angle: 2.5161550903320312e+02
      response: 2.5854422710835934e-04
      octave: 0
      class_id: -1
      pt3d_x: 7.7207055664062500e+02
      pt3d_y: 1.2169434547424316e+01
      pt3d_z: 6.5084527587890625e+02
   -
      x: 889.
      y: 489.
      size: 31.
      angle: 2.6302252197265625e+02
      response: 2.3664945911150426e-04
      octave: 0
      class_id: -1
      pt3d_x: 7.6385784912109375e+02
      pt3d_y: 4.2141548156738281e+01
      pt3d_z: 9.7886907958984375e+02
   -
      x: 41.
      y: 544.
      size: 31.
      angle: 2.7424862670898438e+02
      response: 2.2955372696742415e-04
      octave: 0
      class_id: -1
      pt3d_x: 7.5133361816406250e+02
      pt3d_y: 2.0143577575683594e+01
      pt3d_z: 5.8887109375000000e+02
   -
      x: 3.9773318481445312e+02
      y: 4.9806228637695312e+02
      size: 1.1107863616943359e+02
      angle: 2.8791265869140625e+02
      response: 1.3059432967565954e-04
      octave: 7
      class_id: -1
      pt3d_x: 7.8460827636718750e+02
      pt3d_y: 2.2067285537719727e+01
      pt3d_z: 7.4965148925781250e+02
   -
      x: 4.7347204589843750e+02
      y: 5.2358404541015625e+02
      size: 5.3568004608154297e+01
      angle: 2.6265393066406250e+02
      response: 1.1244950292166322e-04
      octave: 3
      class_id: -1
      pt3d_x: 7.6094635009765625e+02
      pt3d_y: 2.4863065719604492e+01
      pt3d_z: 7.8741387939453125e+02
   -
      x: 7.9546636962890625e+02
      y: 5.2314453125000000e+02
      size: 1.1107863616943359e+02
      angle: 2.8062869262695312e+02
      response: 1.1050023022107780e-04
      octave: 7
      class_id: -1
      pt3d_x: 7.4240661621093750e+02
      pt3d_y: 3.8995254516601562e+01
      pt3d_z: 9.3045178222656250e+02
   -
      x: 159.
      y: 524.
      size: 31.
      angle: 2.8605999755859375e+02
      response: 9.8049255029764026e-05
      octave: 0
      class_id: -1
      pt3d_x: 7.7641265869140625e+02
      pt3d_y: 1.2466938972473145e+01
      pt3d_z: 6.3412347412109375e+02
   -
      x: 6.0549127197265625e+02
      y: 5.0803207397460938e+02
      size: 6.4281608581542969e+01
      angle: 2.5217285156250000e+02
      response: 9.2214708274696022e-05
      octave: 4
      class_id: -1
      pt3d_x: 7.5487316894531250e+02
      pt3d_y: 3.7983955383300781e+01
      pt3d_z: 8.4766088867187500e+02
   -
      x: 8.2440002441406250e+02
      y: 4.7280001831054688e+02
      size: 3.7200000762939453e+01
      angle: 2.2460604858398438e+02
      response: 7.9787627328187227e-05
      octave: 1
      class_id: -1
      pt3d_x: 7.8479785156250000e+02
      pt3d_y: 3.7283039093017578e+01
      pt3d_z: 9.5588037109375000e+02
   -
      x: 8.5638049316406250e+02
      y: 4.1923226928710938e+02
      size: 1.1107863616943359e+02
      angle: 2.3376042175292969e+02
      response: 7.2701834142208099e-05
      octave: 7
      class_id: -1
      pt3d_x: 8.4687451171875000e+02
      pt3d_y: 2.9508207321166992e+01
      pt3d_z: 9.9252770996093750e+02
   -
      x: 223.
      y: 513.
      size: 31.
      angle: 2.5249584960937500e+02
      response: 7.2109192842617631e-05
      octave: 0
      class_id: -1
      pt3d_x: 7.8473791503906250e+02
      pt3d_y: 1.2884657859802246e+01
      pt3d_z: 6.6324755859375000e+02
   -
      x: 848.
      y: 517.
      size: 31.
      angle: 2.3589163208007812e+02
      response: 6.3173421949613839e-05
      octave: 0
      class_id: -1
      pt3d_x: 7.3866961669921875e+02
      pt3d_y: 4.5104133605957031e+01
      pt3d_z: 9.5162188720703125e+02
   -
      x: 7.6739807128906250e+02
      y: 4.6879962158203125e+02
      size: 9.2565528869628906e+01
      angle: 2.6999163818359375e+02
      response: 5.6587468861835077e-05
      octave: 6
      class_id: -1
      pt3d_x: 7.9925756835937500e+02
      pt3d_y: 2.9815704345703125e+01
      pt3d_z: 9.3295159912109375e+02
   -
      x: 9.8537498474121094e+01
      y: 2.0603295898437500e+02
      size: 9.2565528869628906e+01
      angle: 2.9512243652343750e+02
      response: 5.4541189456358552e-05
      octave: 6
      class_id: -1
      pt3d_x: 1.3659554443359375e+03
      pt3d_y: -2.6916887283325195e+01
      pt3d_z: 3.8371511840820312e+02
   -
      x: 9.2304003906250000e+02
      y: 4.8240002441406250e+02
      size: 4.4640003204345703e+01
      angle: 2.4538896179199219e+02
      response: 5.3757903515361249e-05
      octave: 2
      class_id: -1
      pt3d_x: 7.8544195556640625e+02
      pt3d_y: 3.0988023757934570e+01
      pt3d_z: 1.0051335449218750e+03
   -
      x: 5.7231372070312500e+02
      y: 5.1259405517578125e+02
      size: 7.7137939453125000e+01
      angle: 2.5486260986328125e+02
      response: 5.1783470553345978e-05
      octave: 5
      class_id: -1
      pt3d_x: 7.5499383544921875e+02
      pt3d_y: 3.5645668029785156e+01
      pt3d_z: 8.3277667236328125e+02
   -
      x: 4.7278091430664062e+02
      y: 4.7278091430664062e+02
      size: 7.7137939453125000e+01
      angle: 2.4043420410156250e+02
      response: 5.0532915338408202e-05
      octave: 5
      class_id: -1
      pt3d_x: 7.8571557617187500e+02
      pt3d_y: 3.6656501770019531e+01
      pt3d_z: 7.8649670410156250e+02
