%YAML:1.0
---
features:
   -
      x: 2.2932363891601562e+02
      y: 5.4464361572265625e+02
      size: 1.1107863616943359e+02
      angle: 2.8561279296875000e+02
      response: 2.3005843104328960e-04
      octave: 7
      class_id: -1
      pt3d_x: 4.5433334350585938e+02
      pt3d_y: 2.4133333206176758e+01
      pt3d_z: 3.7266665649414062e+02
   -
      x: 1.3974409484863281e+02
      y: 5.1597821044921875e+02
      size: 1.1107863616943359e+02
      angle: 2.7863577270507812e+02
      response: 2.2973596060182899e-04
      octave: 7
      class_id: -1
      pt3d_x: 4.1766665649414062e+02
      pt3d_y: 3.2066665649414062e+01
      pt3d_z: 4.1333334350585938e+02
   -
      x: 8.2512005615234375e+02
      y: 7.2720001220703125e+02
      size: 4.4640003204345703e+01
      angle: 2.8073916625976562e+02
      response: 2.2427192016039044e-04
      octave: 2
      class_id: -1
      pt3d_x: 8.4366668701171875e+02
      pt3d_y: 4.6666665077209473e+00
      pt3d_z: 1.6433332824707031e+02
   -
      x: 9.1321368408203125e+02
      y: 6.4696337890625000e+02
      size: 7.7137939453125000e+01
      angle: 2.5713681030273438e+02
      response: 1.9063429499510676e-04
      octave: 5
      class_id: -1
      pt3d_x: 8.9333331298828125e+02
      pt3d_y: 2.5466667175292969e+01
      pt3d_z: 2.7166665649414062e+02
   -
      x: 6.4945166015625000e+02
      y: 6.7433489990234375e+02
      size: 7.7137939453125000e+01
      angle: 2.3289440917968750e+02
      response: 1.7495249630883336e-04
      octave: 5
      class_id: -1
      pt3d_x: 7.2233331298828125e+02
      pt3d_y: 2.1333333969116211e+01
      pt3d_z: 2.5566667175292969e+02
   -
      x: 8.9994250488281250e+02
      y: 7.2990728759765625e+02
      size: 6.4281608581542969e+01
      angle: 2.5297238159179688e+02
      response: 1.7492868937551975e-04
      octave: 4
      class_id: -1
      pt3d_x: 8.9133331298828125e+02
      pt3d_y: 3.6666667461395264e+00
      pt3d_z: 1.3766667175292969e+02
   -
      x: 5.9421099853515625e+02
      y: 5.1060339355468750e+02
      size: 9.2565528869628906e+01
      angle: 2.6436114501953125e+02
      response: 1.5781621914356947e-04
      octave: 6
      class_id: -1
      pt3d_x: 6.9066668701171875e+02
      pt3d_y: 2.2466667175292969e+01
      pt3d_z: 3.9233334350585938e+02
   -
      x: 8.5881610107421875e+02
      y: 6.3936004638671875e+02
      size: 5.3568004608154297e+01
      angle: 2.5400486755371094e+02
      response: 1.5730371524114162e-04
      octave: 3
      class_id: -1
      pt3d_x: 8.5566668701171875e+02
      pt3d_y: 2.5866668701171875e+01
      pt3d_z: 2.8433334350585938e+02
   -
      x: 3.3681909179687500e+02
      y: 5.6614276123046875e+02
      size: 1.1107863616943359e+02
      angle: 2.6836962890625000e+02
      response: 1.5336621436290443e-04
      octave: 7
      class_id: -1
      pt3d_x: 5.2433331298828125e+02
      pt3d_y: 2.7199998855590820e+01
      pt3d_z: 3.7066665649414062e+02
   -
      x: 6.0197454833984375e+02
      y: 5.9839135742187500e+02
      size: 1.1107863616943359e+02
      angle: 2.8112948608398438e+02
      response: 1.5089819498825818e-04
      octave: 7
      class_id: -1
      pt3d_x: 6.8966668701171875e+02
      pt3d_y: 1.9400001525878906e+01
      pt3d_z: 3.1033334350585938e+02
   -
      x: 6.6769927978515625e+02
      y: 5.4743048095703125e+02
      size: 6.4281608581542969e+01
      angle: 3.1383761596679688e+02
      response: 1.4692217519041151e-04
      octave: 4
      class_id: -1
      pt3d_x: 7.2566668701171875e+02
      pt3d_y: 2.6600000381469727e+01
      pt3d_z: 3.6133334350585938e+02
   -
      x: 1.0749545288085938e+02
      y: 5.8226702880859375e+02
      size: 9.2565528869628906e+01
      angle: 2.6635931396484375e+02
      response: 1.3610614405479282e-04
      octave: 6
      class_id: -1
      pt3d_x: 3.8966665649414062e+02
      pt3d_y: 2.8333333969116211e+01
      pt3d_z: 3.7433334350585938e+02
   -
      x: 6.5691662597656250e+02
      y: 5.8724365234375000e+02
      size: 7.7137939453125000e+01
      angle: 3.1935983276367188e+02
      response: 1.3189439778216183e-04
      octave: 5
      class_id: -1
      pt3d_x: 7.2966668701171875e+02
      pt3d_y: 1.5533332824707031e+01
      pt3d_z: 3.0333334350585938e+02
   -
      x: 7.8382098388671875e+02
      y: 7.1165966796875000e+02
      size: 7.7137939453125000e+01
      angle: 2.9895358276367188e+02
      response: 1.1990673374384642e-04
      octave: 5
      class_id: -1
      pt3d_x: 8.2166668701171875e+02
      pt3d_y: 2.0333333969116211e+01
      pt3d_z: 2.2333332824707031e+02
   -
      x: 8.8504589843750000e+02
      y: 5.5180999755859375e+02
      size: 1.1107863616943359e+02
      angle: 2.4115077209472656e+02
      response: 1.1966762394877151e-04
      octave: 7
      class_id: -1
      pt3d_x: 8.7433331298828125e+02
      pt3d_y: 2.0399999618530273e+01
      pt3d_z: 3.3366665649414062e+02
   -
      x: 1.1048143768310547e+02
      y: 4.8671551513671875e+02
      size: 9.2565528869628906e+01
      angle: 3.4507052612304688e+02
      response: 1.1406428529880941e-04
      octave: 6
      class_id: -1
      pt3d_x: 4.0833334350585938e+02
      pt3d_y: 3.5266666412353516e+01
      pt3d_z: 4.5266665649414062e+02
   -
      x: 5.2672772216796875e+02
      y: 5.0881182861328125e+02
      size: 1.1107863616943359e+02
      angle: 3.0593511962890625e+02
      response: 1.0929307609330863e-04
      octave: 7
      class_id: -1
      pt3d_x: 6.6033331298828125e+02
      pt3d_y: 2.3933334350585938e+01
      pt3d_z: 3.8766665649414062e+02
   -
      x: 1.5552001953125000e+02
      y: 6.1171209716796875e+02
      size: 6.4281608581542969e+01
      angle: 2.6304870605468750e+02
      response: 1.0927774565061554e-04
      octave: 4
      class_id: -1
      pt3d_x: 3.9133334350585938e+02
      pt3d_y: 3.1333332061767578e+00
      pt3d_z: 2.8766665649414062e+02
   -
      x: 5.1956134033203125e+02
      y: 3.4398547363281250e+02
      size: 1.1107863616943359e+02
      angle: 2.7504000854492188e+02
      response: 1.0920250497292727e-04
      octave: 7
      class_id: -1
      pt3d_x: 6.5733331298828125e+02
      pt3d_y: 2.4333333969116211e+01
      pt3d_z: 4.9166665649414062e+02
   -
      x: 3.0815362548828125e+02
      y: 5.4464361572265625e+02
      size: 1.1107863616943359e+02
      angle: 2.5804055786132812e+02
      response: 1.0745267354650423e-04
      octave: 7
      class_id: -1
      pt3d_x: 5.0433334350585938e+02
      pt3d_y: 2.6133333206176758e+01
      pt3d_z: 3.8266665649414062e+02
