%YAML:1.0
---
features:
   -
      x: 765.
      y: 702.
      size: 31.
      angle: 2.5983828735351562e+02
      response: 1.6939752968028188e-03
      octave: 0
      class_id: -1
      pt3d_x: 5.7180200195312500e+02
      pt3d_y: 3.4471416473388672e+01
      pt3d_z: 8.5142828369140625e+02
   -
      x: 487.
      y: 699.
      size: 31.
      angle: 3.2997113037109375e+02
      response: 1.3174840714782476e-03
      octave: 0
      class_id: -1
      pt3d_x: 5.9965844726562500e+02
      pt3d_y: 4.4896690368652344e+01
      pt3d_z: 9.2831335449218750e+02
   -
      x: 659.
      y: 704.
      size: 31.
      angle: 2.4121170043945312e+02
      response: 1.1249997187405825e-03
      octave: 0
      class_id: -1
      pt3d_x: 5.8053363037109375e+02
      pt3d_y: 3.4431846618652344e+01
      pt3d_z: 8.8140332031250000e+02
   -
      x: 8.3760003662109375e+02
      y: 6.9960003662109375e+02
      size: 3.7200000762939453e+01
      angle: 2.5875402832031250e+02
      response: 1.0023822542279959e-03
      octave: 1
      class_id: -1
      pt3d_x: 5.5633599853515625e+02
      pt3d_y: 2.4098751068115234e+01
      pt3d_z: 8.2884381103515625e+02
   -
      x: 880.
      y: 695.
      size: 31.
      angle: 2.5981994628906250e+02
      response: 5.4036406800150871e-04
      octave: 0
      class_id: -1
      pt3d_x: 5.4781286621093750e+02
      pt3d_y: 2.0068140029907227e+01
      pt3d_z: 8.1494903564453125e+02
   -
      x: 459.
      y: 676.
      size: 31.
      angle: 3.2653045654296875e+02
      response: 5.3757493151351810e-04
      octave: 0
      class_id: -1
      pt3d_x: 5.9209448242187500e+02
      pt3d_y: 4.2370521545410156e+01
      pt3d_z: 9.3892633056640625e+02
   -
      x: 733.
      y: 709.
      size: 31.
      angle: 2.5495632934570312e+02
      response: 4.5838332152925432e-04
      octave: 0
      class_id: -1
      pt3d_x: 5.7901104736328125e+02
      pt3d_y: 3.7290618896484375e+01
      pt3d_z: 8.6056915283203125e+02
   -
      x: 555.
      y: 725.
      size: 31.
      angle: 2.4479876708984375e+02
      response: 4.2677324381656945e-04
      octave: 0
      class_id: -1
      pt3d_x: 5.9846118164062500e+02
      pt3d_y: 3.8492599487304688e+01
      pt3d_z: 9.0878790283203125e+02
   -
      x: 805.
      y: 703.
      size: 31.
      angle: 2.5515008544921875e+02
      response: 1.4877588546369225e-04
      octave: 0
      class_id: -1
      pt3d_x: 5.6518237304687500e+02
      pt3d_y: 2.9777196884155273e+01
      pt3d_z: 8.3929046630859375e+02
   -
      x: 917.
      y: 699.
      size: 31.
      angle: 2.7000442504882812e+02
      response: 9.8310752946417779e-05
      octave: 0
      class_id: -1
      pt3d_x: 5.5068731689453125e+02
      pt3d_y: 2.4913509368896484e+01
      pt3d_z: 8.0532794189453125e+02
descriptors: !!opencv-matrix
   rows: 10
   cols: 32
   dt: u
   data: [ 2, 16, 23, 159, 15, 199, 160, 104, 158, 4, 210, 7, 228, 234,
       34, 192, 248, 105, 170, 33, 37, 177, 27, 253, 21, 34, 203, 11, 24,
       40, 41, 134, 177, 71, 75, 173, 22, 2, 239, 120, 116, 194, 250,
       198, 83, 97, 176, 96, 122, 204, 6, 239, 233, 182, 69, 14, 240,
       174, 166, 128, 109, 250, 112, 160, 82, 40, 50, 152, 73, 221, 120,
       64, 173, 12, 246, 11, 140, 222, 38, 212, 170, 189, 255, 129, 4,
       195, 146, 192, 151, 240, 10, 11, 2, 4, 47, 198, 26, 48, 51, 128,
       107, 93, 248, 64, 173, 108, 176, 139, 14, 158, 38, 180, 238, 145,
       223, 133, 12, 35, 176, 192, 147, 80, 10, 59, 67, 4, 47, 215, 0,
       50, 23, 152, 77, 197, 160, 72, 142, 12, 208, 111, 196, 210, 32,
       192, 200, 57, 234, 0, 0, 35, 91, 144, 21, 176, 139, 59, 24, 8, 45,
       130, 33, 6, 72, 9, 84, 31, 226, 24, 118, 96, 242, 78, 211, 0, 150,
       112, 88, 140, 6, 44, 173, 176, 93, 30, 38, 46, 33, 0, 125, 138,
       122, 132, 58, 16, 110, 233, 77, 91, 241, 88, 125, 100, 246, 131,
       203, 141, 54, 192, 120, 220, 191, 129, 140, 176, 117, 200, 215,
       235, 130, 3, 119, 140, 124, 242, 3, 58, 15, 157, 42, 131, 41, 64,
       190, 72, 66, 228, 212, 198, 162, 224, 102, 109, 122, 141, 3, 209,
       174, 81, 132, 32, 171, 136, 24, 0, 33, 245, 48, 50, 22, 136, 109,
       75, 176, 72, 141, 44, 242, 103, 206, 210, 32, 196, 232, 141, 234,
       129, 13, 179, 211, 192, 148, 48, 138, 59, 24, 12, 63, 151, 91, 50,
       106, 129, 110, 89, 249, 80, 45, 76, 182, 175, 158, 30, 150, 116,
       238, 149, 223, 133, 141, 3, 229, 192, 214, 57, 170, 147, 14, 132,
       47, 245 ]
