%YAML:1.0
---
features:
   -
      x: 6.5094470214843750e+02
      y: 6.5393066406250000e+02
      size: 9.2565528869628906e+01
      angle: 2.2254547119140625e+02
      response: 7.5826287502422929e-04
      octave: 6
      class_id: -1
      pt3d_x: 6.4488513183593750e+02
      pt3d_y: 3.9428184509277344e+01
      pt3d_z: 9.5744622802734375e+02
   -
      x: 6.9120007324218750e+02
      y: 5.8060803222656250e+02
      size: 5.3568004608154297e+01
      angle: 1.9547207641601562e+02
      response: 6.5489276312291622e-04
      octave: 3
      class_id: -1
      pt3d_x: 6.6091461181640625e+02
      pt3d_y: 4.5041954040527344e+01
      pt3d_z: 9.7896551513671875e+02
   -
      x: 8.0372753906250000e+02
      y: 4.5038601684570312e+02
      size: 7.7137939453125000e+01
      angle: 2.0522836303710938e+02
      response: 4.9953488633036613e-04
      octave: 5
      class_id: -1
      pt3d_x: 6.9785620117187500e+02
      pt3d_y: 3.8409507751464844e+01
      pt3d_z: 1.0446611328125000e+03
   -
      x: 123.
      y: 739.
      size: 31.
      angle: 2.7364120483398438e+02
      response: 4.8180361045524478e-04
      octave: 0
      class_id: -1
      pt3d_x: 6.8320446777343750e+02
      pt3d_y: 1.9075828552246094e+01
      pt3d_z: 7.9581597900390625e+02
   -
      x: 7.4888500976562500e+02
      y: 5.3389410400390625e+02
      size: 1.1107863616943359e+02
      angle: 2.4024903869628906e+02
      response: 3.1255249632522464e-04
      octave: 7
      class_id: -1
      pt3d_x: 6.7260205078125000e+02
      pt3d_y: 4.0193119049072266e+01
      pt3d_z: 1.0073512573242188e+03
   -
      x: 574.
      y: 744.
      size: 31.
      angle: 2.5018789672851562e+02
      response: 2.9779743636026978e-04
      octave: 0
      class_id: -1
      pt3d_x: 6.2967608642578125e+02
      pt3d_y: 3.0361940383911133e+01
      pt3d_z: 9.2603576660156250e+02
   -
      x: 6.5442834472656250e+02
      y: 5.0015243530273438e+02
      size: 7.7137939453125000e+01
      angle: 1.6515441894531250e+02
      response: 1.4356637257151306e-04
      octave: 5
      class_id: -1
      pt3d_x: 6.9488293457031250e+02
      pt3d_y: 4.1509216308593750e+01
      pt3d_z: 9.8276641845703125e+02
   -
      x: 6.1511285400390625e+02
      y: 6.9274847412109375e+02
      size: 9.2565528869628906e+01
      angle: 2.2324197387695312e+02
      response: 1.1817186168627813e-04
      octave: 6
      class_id: -1
      pt3d_x: 6.3886602783203125e+02
      pt3d_y: 3.4470687866210938e+01
      pt3d_z: 9.4330963134765625e+02
   -
      x: 5.0264074707031250e+02
      y: 6.1212689208984375e+02
      size: 7.7137939453125000e+01
      angle: 2.9963201904296875e+02
      response: 1.0967453999910504e-04
      octave: 5
      class_id: -1
      pt3d_x: 6.7362438964843750e+02
      pt3d_y: 3.9771076202392578e+01
      pt3d_z: 9.1899108886718750e+02
   -
      x: 3.8698364257812500e+02
      y: 4.2281546020507812e+02
      size: 1.1107863616943359e+02
      angle: 5.8869525909423828e+01
      response: 1.0524478420848027e-04
      octave: 7
      class_id: -1
      pt3d_x: 7.6159820556640625e+02
      pt3d_y: 3.9478122711181641e+01
      pt3d_z: 9.0522973632812500e+02
   -
      x: 5.7853448486328125e+02
      y: 5.5987207031250000e+02
      size: 6.4281608581542969e+01
      angle: 2.4565934753417969e+02
      response: 9.4798830104991794e-05
      octave: 4
      class_id: -1
      pt3d_x: 6.7916363525390625e+02
      pt3d_y: 4.7505146026611328e+01
      pt3d_z: 9.4717059326171875e+02
   -
      x: 4.0848272705078125e+02
      y: 6.7722137451171875e+02
      size: 1.1107863616943359e+02
      angle: 2.7642562866210938e+02
      response: 8.0286103184334934e-05
      octave: 7
      class_id: -1
      pt3d_x: 6.6449993896484375e+02
      pt3d_y: 3.6262371063232422e+01
      pt3d_z: 8.8474414062500000e+02
   -
      x: 4.7485446166992188e+02
      y: 6.9672967529296875e+02
      size: 6.4281608581542969e+01
      angle: 2.4707157897949219e+02
      response: 6.1738151998724788e-05
      octave: 4
      class_id: -1
      pt3d_x: 6.5235144042968750e+02
      pt3d_y: 3.4824871063232422e+01
      pt3d_z: 9.0208953857421875e+02
   -
      x: 8.2944007873535156e+01
      y: 7.0502404785156250e+02
      size: 5.3568004608154297e+01
      angle: 3.1095886230468750e+02
      response: 6.0473710618680343e-05
      octave: 3
      class_id: -1
      pt3d_x: 6.9998675537109375e+02
      pt3d_y: 1.7252071380615234e+01
      pt3d_z: 7.8409747314453125e+02
   -
      x: 1.9906564331054688e+02
      y: 7.0668304443359375e+02
      size: 7.7137939453125000e+01
      angle: 2.6310025024414062e+02
      response: 6.0232625401113182e-05
      octave: 5
      class_id: -1
      pt3d_x: 6.8745690917968750e+02
      pt3d_y: 1.5754734039306641e+01
      pt3d_z: 8.1934869384765625e+02
   -
      x: 6.4497271728515625e+02
      y: 5.4106048583984375e+02
      size: 1.1107863616943359e+02
      angle: 2.1437644958496094e+02
      response: 5.9659905673470348e-05
      octave: 7
      class_id: -1
      pt3d_x: 6.7857568359375000e+02
      pt3d_y: 4.6392917633056641e+01
      pt3d_z: 9.7056549072265625e+02
   -
      x: 716.
      y: 552.
      size: 31.
      angle: 2.3660708618164062e+02
      response: 5.8189216360915452e-05
      octave: 0
      class_id: -1
      pt3d_x: 6.7079937744140625e+02
      pt3d_y: 3.7896625518798828e+01
      pt3d_z: 9.9465307617187500e+02
   -
      x: 3.2845831298828125e+02
      y: 4.9865945434570312e+02
      size: 9.2565528869628906e+01
      angle: 3.4164996337890625e+02
      response: 5.7120087149087340e-05
      octave: 6
      class_id: -1
      pt3d_x: 7.4308483886718750e+02
      pt3d_y: 2.9126758575439453e+01
      pt3d_z: 8.7732373046875000e+02
   -
      x: 4.6581362915039062e+02
      y: 6.3422320556640625e+02
      size: 1.1107863616943359e+02
      angle: 2.1198266601562500e+02
      response: 5.2348368626553565e-05
      octave: 7
      class_id: -1
      pt3d_x: 6.7119775390625000e+02
      pt3d_y: 3.8198127746582031e+01
      pt3d_z: 9.0564501953125000e+02
   -
      x: 2.1797689819335938e+02
      y: 3.7026211547851562e+02
      size: 9.2565528869628906e+01
      angle: 5.5885214805603027e+00
      response: 4.9590216804062948e-05
      octave: 6
      class_id: -1
      pt3d_x: 8.2611883544921875e+02
      pt3d_y: 2.1951677322387695e+01
      pt3d_z: 8.4934307861328125e+02
