%YAML:1.0
---
features:
   -
      x: 4.5000003051757812e+02
      y: 4.9320001220703125e+02
      size: 3.7200000762939453e+01
      angle: 2.3919772338867188e+02
      response: 1.2695559998974204e-03
      octave: 1
      class_id: -1
      pt3d_x: 2.5481462097167969e+02
      pt3d_y: 1.2941056251525879e+01
      pt3d_z: 1.7100453186035156e+02
   -
      x: 2.6515545654296875e+02
      y: 4.6223046875000000e+02
      size: 1.1107863616943359e+02
      angle: 3.1694171142578125e+02
      response: 1.1850455775856972e-03
      octave: 7
      class_id: -1
      pt3d_x: 1.0172383117675781e+02
      pt3d_y: 1.9840742111206055e+01
      pt3d_z: 2.4299700927734375e+02
   -
      x: 147.
      y: 368.
      size: 31.
      angle: 3.1055419921875000e+02
      response: 8.4701046580448747e-04
      octave: 0
      class_id: -1
      pt3d_x: -1.1311282348632812e+02
      pt3d_y: -2.5402271270751953e+01
      pt3d_z: 2.0583499145507812e+02
   -
      x: 626.
      y: 401.
      size: 31.
      angle: 2.4598815917968750e+02
      response: 7.6124456245452166e-04
      octave: 0
      class_id: -1
      pt3d_x: 3.3514410400390625e+02
      pt3d_y: 3.1839384078979492e+01
      pt3d_z: 4.7026181221008301e+00
   -
      x: 4.7775756835937500e+02
      y: 4.7477157592773438e+02
      size: 9.2565528869628906e+01
      angle: 2.3222291564941406e+02
      response: 7.1721000131219625e-04
      octave: 6
      class_id: -1
      pt3d_x: 2.6882693481445312e+02
      pt3d_y: 2.7987516403198242e+01
      pt3d_z: 1.4920481872558594e+02
   -
      x: 2.8864520263671875e+02
      y: 4.8273419189453125e+02
      size: 7.7137939453125000e+01
      angle: 3.0993283081054688e+02
      response: 7.1511056739836931e-04
      octave: 5
      class_id: -1
      pt3d_x: 1.2881082153320312e+02
      pt3d_y: 1.1994197845458984e+01
      pt3d_z: 2.4397764587402344e+02
   -
      x: 5.5157769775390625e+02
      y: 4.3752966308593750e+02
      size: 6.4281608581542969e+01
      angle: 2.5591120910644531e+02
      response: 6.3284242060035467e-04
      octave: 4
      class_id: -1
      pt3d_x: 2.9947747802734375e+02
      pt3d_y: 2.7543863296508789e+01
      pt3d_z: 7.7192848205566406e+01
   -
      x: 3.3741629028320312e+02
      y: 5.2254736328125000e+02
      size: 9.2565528869628906e+01
      angle: 2.9559609985351562e+02
      response: 4.6535930596292019e-04
      octave: 6
      class_id: -1
      pt3d_x: 2.0505697631835938e+02
      pt3d_y: 3.5525367736816406e+01
      pt3d_z: 2.6047027587890625e+02
   -
      x: 405.
      y: 516.
      size: 31.
      angle: 2.4191957092285156e+02
      response: 4.2416743235662580e-04
      octave: 0
      class_id: -1
      pt3d_x: 2.3677937316894531e+02
      pt3d_y: 1.1823421478271484e+01
      pt3d_z: 2.1214410400390625e+02
   -
      x: 4.1057284545898438e+02
      y: 4.3545605468750000e+02
      size: 6.4281608581542969e+01
      angle: 2.9238442993164062e+02
      response: 4.1941009112633765e-04
      octave: 4
      class_id: -1
      pt3d_x: 1.9296420288085938e+02
      pt3d_y: 2.6758245468139648e+01
      pt3d_z: 1.4823181152343750e+02
descriptors: !!opencv-matrix
   rows: 10
   cols: 32
   dt: u
   data: [ 51, 32, 82, 64, 109, 93, 224, 64, 237, 104, 240, 14, 138, 152,
       22, 180, 232, 137, 78, 13, 13, 115, 80, 192, 150, 24, 2, 51, 75,
       12, 122, 134, 115, 50, 110, 13, 90, 30, 120, 88, 118, 172, 246,
       167, 83, 170, 150, 112, 254, 205, 110, 132, 140, 211, 245, 70, 86,
       175, 227, 129, 109, 160, 106, 87, 82, 34, 83, 225, 42, 73, 185,
       64, 45, 164, 178, 170, 143, 7, 128, 84, 110, 149, 239, 129, 8,
       115, 225, 192, 212, 240, 43, 179, 102, 136, 7, 241, 104, 48, 105,
       97, 77, 89, 81, 24, 99, 228, 182, 137, 147, 29, 86, 18, 200, 212,
       255, 1, 140, 98, 245, 0, 87, 249, 165, 57, 103, 140, 86, 114, 67,
       32, 18, 204, 104, 12, 104, 72, 175, 160, 162, 73, 159, 131, 4, 86,
       226, 197, 127, 140, 8, 67, 211, 80, 148, 184, 15, 56, 8, 128, 99,
       0, 33, 48, 143, 91, 76, 207, 225, 88, 246, 248, 240, 72, 112, 213,
       244, 48, 221, 236, 98, 12, 131, 242, 250, 125, 31, 26, 37, 44, 89,
       8, 118, 241, 64, 32, 121, 225, 104, 73, 121, 16, 41, 36, 166, 8,
       159, 3, 64, 80, 34, 21, 111, 8, 0, 112, 193, 64, 199, 249, 35, 49,
       64, 128, 71, 34, 11, 34, 228, 69, 100, 27, 232, 16, 109, 232, 118,
       236, 203, 8, 214, 182, 42, 76, 126, 13, 133, 240, 229, 192, 6, 59,
       33, 160, 79, 172, 91, 245, 11, 34, 70, 173, 75, 15, 104, 88, 55,
       172, 214, 199, 205, 195, 82, 198, 127, 205, 127, 141, 142, 211,
       223, 209, 214, 227, 171, 136, 47, 132, 59, 208, 37, 166, 59, 40,
       244, 173, 227, 210, 103, 77, 255, 93, 7, 201, 152, 20, 185, 138,
       70, 63, 154, 178, 40, 55, 151, 125, 32, 64, 227, 143, 210, 225 ]
