%YAML:1.0
---
features:
   -
      x: 434.
      y: 565.
      size: 31.
      angle: 2.6161703491210938e+02
      response: 1.0993194300681353e-03
      octave: 0
      class_id: -1
      pt3d_x: 6.9811383056640625e+02
      pt3d_y: 1.8850177764892578e+01
      pt3d_z: 3.1663729858398438e+02
   -
      x: 717.
      y: 531.
      size: 31.
      angle: 2.7680914306640625e+02
      response: 6.5610092133283615e-04
      octave: 0
      class_id: -1
      pt3d_x: 7.5332427978515625e+02
      pt3d_y: 2.0885404586791992e+01
      pt3d_z: 4.3750671386718750e+02
   -
      x: 8.4810253906250000e+02
      y: 5.1217926025390625e+02
      size: 6.4281608581542969e+01
      angle: 2.3806558227539062e+02
      response: 4.9020355800166726e-04
      octave: 4
      class_id: -1
      pt3d_x: 7.6250286865234375e+02
      pt3d_y: 3.6122379302978516e+01
      pt3d_z: 4.9375582885742188e+02
   -
      x: 3.9744000244140625e+02
      y: 5.4864001464843750e+02
      size: 4.4640003204345703e+01
      angle: 2.7278283691406250e+02
      response: 4.5534598757512867e-04
      octave: 2
      class_id: -1
      pt3d_x: 7.1568328857421875e+02
      pt3d_y: 9.7683992385864258e+00
      pt3d_z: 2.9200833129882812e+02
   -
      x: 933.
      y: 510.
      size: 31.
      angle: 2.4493440246582031e+02
      response: 3.9939620182849467e-04
      octave: 0
      class_id: -1
      pt3d_x: 7.9606951904296875e+02
      pt3d_y: 2.1450225830078125e+01
      pt3d_z: 5.3671844482421875e+02
   -
      x: 880.
      y: 513.
      size: 31.
      angle: 2.7075088500976562e+02
      response: 3.6344840191304684e-04
      octave: 0
      class_id: -1
      pt3d_x: 7.7159259033203125e+02
      pt3d_y: 3.1939537048339844e+01
      pt3d_z: 5.0893762207031250e+02
   -
      x: 8.2224005126953125e+02
      y: 5.3280004882812500e+02
      size: 4.4640003204345703e+01
      angle: 2.5560801696777344e+02
      response: 2.3163641162682325e-04
      octave: 2
      class_id: -1
      pt3d_x: 7.5140942382812500e+02
      pt3d_y: 3.0888641357421875e+01
      pt3d_z: 4.8302700805664062e+02
   -
      x: 5.8823901367187500e+02
      y: 4.2699581909179688e+02
      size: 9.2565528869628906e+01
      angle: 3.0623208618164062e+02
      response: 1.5103736950550228e-04
      octave: 6
      class_id: -1
      pt3d_x: 8.2781884765625000e+02
      pt3d_y: 2.2274311065673828e+01
      pt3d_z: 3.6252197265625000e+02
   -
      x: 3.7265090942382812e+02
      y: 2.9740408325195312e+02
      size: 1.1107863616943359e+02
      angle: 2.8750451660156250e+02
      response: 1.4870458107907325e-04
      octave: 7
      class_id: -1
      pt3d_x: 9.4454071044921875e+02
      pt3d_y: 2.9357955932617188e+01
      pt3d_z: 1.9035424804687500e+02
   -
      x: 3.5280001831054688e+02
      y: 4.6368002319335938e+02
      size: 4.4640003204345703e+01
      angle: 3.0507455444335938e+02
      response: 1.3885564112570137e-04
      octave: 2
      class_id: -1
      pt3d_x: 7.8880560302734375e+02
      pt3d_y: 1.5597013235092163e+00
      pt3d_z: 2.3804101562500000e+02
descriptors: !!opencv-matrix
   rows: 10
   cols: 32
   dt: u
   data: [ 72, 48, 57, 96, 37, 76, 81, 16, 105, 40, 38, 8, 159, 23, 0,
       48, 128, 21, 76, 8, 9, 96, 240, 0, 195, 249, 32, 48, 64, 0, 71,
       35, 120, 32, 80, 224, 101, 9, 96, 0, 105, 0, 178, 72, 143, 11, 0,
       144, 170, 133, 108, 0, 8, 32, 192, 64, 215, 241, 32, 17, 98, 136,
       66, 2, 3, 168, 135, 191, 9, 145, 168, 192, 190, 217, 194, 229,
       236, 226, 96, 194, 225, 107, 250, 133, 7, 73, 138, 117, 140, 50,
       155, 171, 24, 4, 41, 158, 82, 54, 135, 191, 50, 138, 58, 48, 188,
       236, 194, 229, 236, 230, 130, 81, 246, 239, 239, 165, 165, 209,
       157, 110, 180, 38, 111, 130, 12, 36, 39, 83, 56, 32, 80, 224, 37,
       13, 88, 16, 41, 44, 176, 9, 143, 11, 6, 148, 202, 129, 205, 12,
       12, 34, 80, 192, 147, 217, 3, 51, 98, 132, 74, 2, 73, 32, 88, 225,
       32, 8, 105, 16, 108, 0, 118, 0, 159, 3, 128, 240, 34, 140, 110, 8,
       1, 176, 225, 64, 196, 249, 34, 0, 74, 128, 75, 160, 83, 34, 88,
       161, 44, 29, 88, 16, 41, 36, 178, 205, 143, 10, 22, 80, 174, 133,
       239, 5, 140, 34, 209, 192, 150, 217, 130, 177, 108, 132, 75, 16,
       0, 141, 30, 251, 150, 141, 150, 231, 30, 1, 88, 66, 181, 251, 40,
       64, 223, 59, 19, 1, 114, 184, 88, 63, 237, 134, 62, 64, 152, 8,
       129, 170, 0, 129, 92, 75, 82, 203, 96, 57, 102, 1, 101, 224, 177,
       3, 128, 80, 106, 8, 98, 72, 2, 184, 71, 85, 68, 169, 34, 65, 113,
       130, 98, 136, 146, 221, 31, 241, 163, 84, 188, 231, 185, 19, 178,
       50, 157, 63, 40, 111, 239, 83, 190, 194, 113, 221, 17, 227, 191,
       251, 222, 131, 128, 80, 169, 171 ]
