%YAML:1.0
---
features:
   -
      x: 8.3129821777343750e+02
      y: 2.4007318115234375e+02
      size: 1.1107863616943359e+02
      angle: 1.1073154449462891e+02
      response: 1.6067894466686994e-04
      octave: 7
      class_id: -1
      pt3d_x: 7.0933331298828125e+02
      pt3d_y: 2.4133333206176758e+01
      pt3d_z: 7.4266668701171875e+02
   -
      x: 8.3607574462890625e+02
      y: 5.2851928710937500e+02
      size: 9.2565528869628906e+01
      angle: 3.0648986816406250e+02
      response: 1.2244039680808783e-04
      octave: 6
      class_id: -1
      pt3d_x: 5.7966668701171875e+02
      pt3d_y: 2.4666666030883789e+01
      pt3d_z: 6.2733331298828125e+02
   -
      x: 6.5930548095703125e+02
      y: 1.4332727050781250e+02
      size: 1.1107863616943359e+02
      angle: 2.6904937744140625e+02
      response: 9.0392371930647641e-05
      octave: 7
      class_id: -1
      pt3d_x: 6.9733331298828125e+02
      pt3d_y: 3.4533336639404297e+01
      pt3d_z: 8.8666668701171875e+02
   -
      x: 8.9878143310546875e+02
      y: 7.0469238281250000e+02
      size: 9.2565528869628906e+01
      angle: 2.2163957214355469e+02
      response: 7.7783624874427915e-05
      octave: 6
      class_id: -1
      pt3d_x: 5.1266668701171875e+02
      pt3d_y: 2.7800001144409180e+01
      pt3d_z: 5.0533334350585938e+02
   -
      x: 7.5246820068359375e+02
      y: 1.6840954589843750e+02
      size: 1.1107863616943359e+02
      angle: 2.0306230163574219e+02
      response: 7.5921692769043148e-05
      octave: 7
      class_id: -1
      pt3d_x: 7.1233331298828125e+02
      pt3d_y: 3.1466667175292969e+01
      pt3d_z: 8.1166668701171875e+02
   -
      x: 8.7609606933593750e+02
      y: 7.3267205810546875e+02
      size: 5.3568004608154297e+01
      angle: 2.3641401672363281e+02
      response: 6.5832908148877323e-05
      octave: 3
      class_id: -1
      pt3d_x: 4.8033334350585938e+02
      pt3d_y: 2.4199998855590820e+01
      pt3d_z: 5.0066665649414062e+02
   -
      x: 7.9546636962890625e+02
      y: 5.0164544677734375e+02
      size: 1.1107863616943359e+02
      angle: 2.8090505981445312e+02
      response: 5.8891946537187323e-05
      octave: 7
      class_id: -1
      pt3d_x: 5.7933331298828125e+02
      pt3d_y: 2.5866668701171875e+01
      pt3d_z: 6.6266668701171875e+02
   -
      x: 8.8504589843750000e+02
      y: 1.1466181945800781e+02
      size: 1.1107863616943359e+02
      angle: 2.0122116088867188e+02
      response: 5.7326687965542078e-05
      octave: 7
      class_id: -1
      pt3d_x: 7.7066668701171875e+02
      pt3d_y: 3.0600000381469727e+01
      pt3d_z: 7.6233331298828125e+02
   -
      x: 9.0823699951171875e+02
      y: 3.8568969726562500e+02
      size: 7.7137939453125000e+01
      angle: 2.1949880599975586e+01
      response: 5.6881814089138061e-05
      octave: 5
      class_id: -1
      pt3d_x: 6.6633331298828125e+02
      pt3d_y: 2.4733331680297852e+01
      pt3d_z: 6.4966668701171875e+02
   -
      x: 6.7005499267578125e+02
      y: 2.0424136352539062e+02
      size: 1.1107863616943359e+02
      angle: 2.7339120483398438e+02
      response: 5.5402335419785231e-05
      octave: 7
      class_id: -1
      pt3d_x: 6.7066668701171875e+02
      pt3d_y: 1.2533332824707031e+01
      pt3d_z: 8.1833331298828125e+02
   -
      x: 5.5837915039062500e+02
      y: 1.9408901977539062e+02
      size: 9.2565528869628906e+01
      angle: 2.8944741821289062e+02
      response: 5.3367031796369702e-05
      octave: 6
      class_id: -1
      pt3d_x: 6.3733331298828125e+02
      pt3d_y: 2.5866668701171875e+01
      pt3d_z: 8.8766668701171875e+02
   -
      x: 5.0512908935546875e+02
      y: 1.7667076110839844e+02
      size: 7.7137939453125000e+01
      angle: 2.8420822143554688e+02
      response: 4.5073418732499704e-05
      octave: 5
      class_id: -1
      pt3d_x: 6.3066668701171875e+02
      pt3d_y: 3.0933334350585938e+01
      pt3d_z: 9.2133331298828125e+02
   -
      x: 8.4096002197265625e+02
      y: 7.2864001464843750e+02
      size: 4.4640003204345703e+01
      angle: 2.6714538574218750e+02
      response: 4.4893673475598916e-05
      octave: 2
      class_id: -1
      pt3d_x: 4.7066665649414062e+02
      pt3d_y: 3.2600002288818359e+01
      pt3d_z: 5.3933331298828125e+02
   -
      x: 8.0979907226562500e+02
      y: 3.2606954956054688e+02
      size: 1.1107863616943359e+02
      angle: 3.3068683624267578e+01
      response: 4.2754163587233052e-05
      octave: 7
      class_id: -1
      pt3d_x: 6.6233331298828125e+02
      pt3d_y: 1.9399999618530273e+01
      pt3d_z: 7.1466668701171875e+02
   -
      x: 9.4608001708984375e+02
      y: 6.7104003906250000e+02
      size: 4.4640003204345703e+01
      angle: 2.6096057128906250e+02
      response: 4.1618946852395311e-05
      octave: 2
      class_id: -1
      pt3d_x: 5.4333331298828125e+02
      pt3d_y: 1.9266668319702148e+01
      pt3d_z: 4.8666665649414062e+02
   -
      x: 7.5246820068359375e+02
      y: 2.1499090576171875e+02
      size: 1.1107863616943359e+02
      angle: 2.2729208374023438e+02
      response: 3.9375699998345226e-05
      octave: 7
      class_id: -1
      pt3d_x: 6.9666668701171875e+02
      pt3d_y: 2.8333333969116211e+01
      pt3d_z: 8.0933331298828125e+02
   -
      x: 5.8764184570312500e+02
      y: 2.1499090576171875e+02
      size: 1.1107863616943359e+02
      angle: 2.4519369506835938e+02
      response: 3.9359129004878923e-05
      octave: 7
      class_id: -1
      pt3d_x: 6.4533331298828125e+02
      pt3d_y: 2.0466667175292969e+01
      pt3d_z: 8.4566668701171875e+02
   -
      x: 8.3151373291015625e+02
      y: 6.6562567138671875e+02
      size: 6.4281608581542969e+01
      angle: 1.5182185363769531e+02
      response: 3.6851513868896291e-05
      octave: 4
      class_id: -1
      pt3d_x: 5.1166665649414062e+02
      pt3d_y: 2.9399999618530273e+01
      pt3d_z: 5.6933331298828125e+02
   -
      x: 6.2108483886718750e+02
      y: 2.1499090576171875e+02
      size: 9.2565528869628906e+01
      angle: 2.4622055053710938e+02
      response: 3.6197459849063307e-05
      octave: 6
      class_id: -1
      pt3d_x: 6.6033331298828125e+02
      pt3d_y: 2.7933334350585938e+01
      pt3d_z: 8.5766668701171875e+02
   -
      x: 6.4488970947265625e+02
      y: 6.8428810119628906e+01
      size: 6.4281608581542969e+01
      angle: 3.0895861816406250e+02
      response: 3.5938628570875153e-05
      octave: 4
      class_id: -1
      pt3d_x: 7.1866668701171875e+02
      pt3d_y: 2.5199998855590820e+01
      pt3d_z: 8.9133331298828125e+02
