%YAML:1.0
---
features:
   -
      x: 190.
      y: 614.
      size: 31.
      angle: 2.5365499877929688e+02
      response: 6.1366538284346461e-04
      octave: 0
      class_id: -1
      pt3d_x: 6.6209466552734375e+02
      pt3d_y: 1.7847723007202148e+01
      pt3d_z: 8.0772674560546875e+02
   -
      x: 1.1376000213623047e+02
      y: 6.3792004394531250e+02
      size: 4.4640003204345703e+01
      angle: 2.5772747802734375e+02
      response: 5.8038224233314395e-04
      octave: 2
      class_id: -1
      pt3d_x: 6.8344659423828125e+02
      pt3d_y: 1.5537606239318848e+01
      pt3d_z: 7.9117858886718750e+02
   -
      x: 267.
      y: 625.
      size: 31.
      angle: 2.5679104614257812e+02
      response: 5.4481031838804483e-04
      octave: 0
      class_id: -1
      pt3d_x: 6.3084838867187500e+02
      pt3d_y: 2.3063938140869141e+01
      pt3d_z: 8.0982684326171875e+02
   -
      x: 333.
      y: 598.
      size: 31.
      angle: 2.6709909057617188e+02
      response: 4.3159953202120960e-04
      octave: 0
      class_id: -1
      pt3d_x: 6.1169738769531250e+02
      pt3d_y: 2.9405303955078125e+01
      pt3d_z: 8.2397576904296875e+02
   -
      x: 147.
      y: 641.
      size: 31.
      angle: 2.4455108642578125e+02
      response: 4.0249881567433476e-04
      octave: 0
      class_id: -1
      pt3d_x: 6.7307623291015625e+02
      pt3d_y: 1.2543430328369141e+01
      pt3d_z: 7.9545581054687500e+02
   -
      x: 83.
      y: 648.
      size: 31.
      angle: 2.4912808227539062e+02
      response: 2.2478830942418426e-04
      octave: 0
      class_id: -1
      pt3d_x: 6.9136950683593750e+02
      pt3d_y: 1.4211749076843262e+01
      pt3d_z: 7.8436846923828125e+02
   -
      x: 199.
      y: 577.
      size: 31.
      angle: 2.5100286865234375e+02
      response: 1.4923210255801678e-04
      octave: 0
      class_id: -1
      pt3d_x: 6.7027557373046875e+02
      pt3d_y: 1.5383534431457520e+01
      pt3d_z: 8.2495690917968750e+02
   -
      x: 300.
      y: 610.
      size: 31.
      angle: 2.5171382141113281e+02
      response: 1.4832828310318291e-04
      octave: 0
      class_id: -1
      pt3d_x: 6.2140777587890625e+02
      pt3d_y: 2.6622751235961914e+01
      pt3d_z: 8.1721173095703125e+02
   -
      x: 77.
      y: 550.
      size: 31.
      angle: 2.4105870056152344e+02
      response: 8.3365943282842636e-05
      octave: 0
      class_id: -1
      pt3d_x: 7.0895404052734375e+02
      pt3d_y: 3.1093708038330078e+01
      pt3d_z: 8.1045349121093750e+02
   -
      x: 170.
      y: 586.
      size: 31.
      angle: 2.5511959838867188e+02
      response: 5.5120337492553517e-05
      octave: 0
      class_id: -1
      pt3d_x: 6.7885601806640625e+02
      pt3d_y: 1.4138813018798828e+01
      pt3d_z: 8.1835705566406250e+02
descriptors: !!opencv-matrix
   rows: 10
   cols: 32
   dt: u
   data: [ 105, 32, 113, 64, 77, 93, 96, 64, 105, 32, 244, 8, 10, 24, 20,
       180, 232, 128, 198, 8, 13, 35, 244, 192, 23, 152, 128, 59, 67,
       140, 90, 164, 3, 138, 135, 159, 91, 145, 184, 194, 190, 81, 66,
       231, 236, 238, 34, 192, 231, 107, 187, 133, 7, 217, 142, 253, 140,
       50, 218, 139, 20, 4, 41, 157, 73, 32, 121, 225, 44, 13, 233, 16,
       109, 104, 182, 76, 159, 9, 144, 112, 238, 132, 126, 12, 137, 33,
       229, 192, 198, 217, 162, 176, 76, 128, 67, 33, 3, 26, 111, 155,
       106, 207, 185, 82, 158, 92, 86, 231, 252, 215, 182, 96, 110, 59,
       63, 140, 131, 152, 63, 253, 70, 42, 43, 128, 28, 140, 33, 241, 65,
       32, 93, 225, 44, 14, 105, 16, 110, 32, 242, 64, 223, 19, 128, 112,
       106, 148, 110, 8, 129, 240, 209, 80, 197, 185, 35, 0, 104, 136,
       65, 33, 34, 48, 18, 152, 107, 193, 176, 72, 175, 36, 240, 43, 12,
       222, 38, 64, 234, 185, 235, 1, 4, 3, 130, 208, 149, 48, 11, 59,
       80, 12, 47, 199, 2, 136, 22, 152, 205, 213, 180, 103, 159, 23,
       224, 17, 172, 158, 102, 205, 201, 59, 171, 145, 118, 94, 82, 215,
       141, 54, 222, 75, 146, 12, 173, 206, 115, 34, 66, 129, 109, 25,
       232, 64, 45, 36, 242, 143, 142, 138, 6, 212, 234, 129, 238, 132,
       12, 35, 213, 192, 148, 152, 130, 59, 107, 12, 106, 132, 147, 87,
       107, 143, 102, 18, 175, 244, 84, 74, 94, 230, 113, 108, 191, 100,
       126, 196, 23, 239, 225, 144, 45, 239, 52, 46, 170, 132, 61, 251,
       113, 253, 60, 65, 122, 236, 100, 94, 123, 88, 69, 132, 116, 2, 91,
       217, 179, 96, 126, 220, 151, 234, 200, 176, 53, 140, 115, 233,
       163, 133, 119, 187, 124, 162 ]
