%YAML:1.0
---
features:
   -
      x: 955.
      y: 458.
      size: 31.
      angle: 2.2441476440429688e+02
      response: 5.0905067473649979e-04
      octave: 0
      class_id: -1
      pt3d_x: 8.0742852783203125e+02
      pt3d_y: 3.0368257522583008e+01
      pt3d_z: 1.0297694091796875e+03
   -
      x: 5.4950402832031250e+02
      y: 5.3222406005859375e+02
      size: 5.3568004608154297e+01
      angle: 2.6496987915039062e+02
      response: 4.7470739809796214e-04
      octave: 3
      class_id: -1
      pt3d_x: 7.4125842285156250e+02
      pt3d_y: 3.4894691467285156e+01
      pt3d_z: 8.2172186279296875e+02
   -
      x: 1.0450946807861328e+02
      y: 5.2851928710937500e+02
      size: 9.2565528869628906e+01
      angle: 2.5752947998046875e+02
      response: 3.2028718851506710e-04
      octave: 6
      class_id: -1
      pt3d_x: 7.6176885986328125e+02
      pt3d_y: 2.1313194274902344e+01
      pt3d_z: 6.1438348388671875e+02
   -
      x: 191.
      y: 530.
      size: 31.
      angle: 2.5161550903320312e+02
      response: 2.5854422710835934e-04
      octave: 0
      class_id: -1
      pt3d_x: 7.7207055664062500e+02
      pt3d_y: 1.2169434547424316e+01
      pt3d_z: 6.5084527587890625e+02
   -
      x: 889.
      y: 489.
      size: 31.
      angle: 2.6302252197265625e+02
      response: 2.3664945911150426e-04
      octave: 0
      class_id: -1
      pt3d_x: 7.6385784912109375e+02
      pt3d_y: 4.2141548156738281e+01
      pt3d_z: 9.7886907958984375e+02
   -
      x: 41.
      y: 544.
      size: 31.
      angle: 2.7424862670898438e+02
      response: 2.2955372696742415e-04
      octave: 0
      class_id: -1
      pt3d_x: 7.5133361816406250e+02
      pt3d_y: 2.0143577575683594e+01
      pt3d_z: 5.8887109375000000e+02
   -
      x: 3.9773318481445312e+02
      y: 4.9806228637695312e+02
      size: 1.1107863616943359e+02
      angle: 2.8791265869140625e+02
      response: 1.3059432967565954e-04
      octave: 7
      class_id: -1
      pt3d_x: 7.8460827636718750e+02
      pt3d_y: 2.2067285537719727e+01
      pt3d_z: 7.4965148925781250e+02
   -
      x: 4.7347204589843750e+02
      y: 5.2358404541015625e+02
      size: 5.3568004608154297e+01
      angle: 2.6265393066406250e+02
      response: 1.1244950292166322e-04
      octave: 3
      class_id: -1
      pt3d_x: 7.6094635009765625e+02
      pt3d_y: 2.4863065719604492e+01
      pt3d_z: 7.8741387939453125e+02
   -
      x: 7.9546636962890625e+02
      y: 5.2314453125000000e+02
      size: 1.1107863616943359e+02
      angle: 2.8062869262695312e+02
      response: 1.1050023022107780e-04
      octave: 7
      class_id: -1
      pt3d_x: 7.4240661621093750e+02
      pt3d_y: 3.8995254516601562e+01
      pt3d_z: 9.3045178222656250e+02
   -
      x: 159.
      y: 524.
      size: 31.
      angle: 2.8605999755859375e+02
      response: 9.8049255029764026e-05
      octave: 0
      class_id: -1
      pt3d_x: 7.7641265869140625e+02
      pt3d_y: 1.2466938972473145e+01
      pt3d_z: 6.3412347412109375e+02
descriptors: !!opencv-matrix
   rows: 10
   cols: 32
   dt: u
   data: [ 65, 32, 121, 225, 108, 13, 105, 80, 109, 32, 246, 64, 155, 19,
       144, 112, 106, 12, 110, 8, 129, 240, 241, 64, 197, 184, 34, 16,
       68, 136, 67, 160, 120, 32, 121, 224, 41, 77, 89, 16, 41, 40, 180,
       8, 159, 19, 0, 48, 134, 149, 125, 8, 8, 98, 240, 0, 195, 249, 32,
       48, 66, 128, 70, 35, 3, 2, 15, 141, 46, 31, 169, 88, 174, 104,
       210, 230, 213, 166, 176, 98, 110, 69, 127, 141, 133, 209, 103,
       204, 148, 42, 235, 128, 28, 136, 49, 245, 121, 32, 80, 160, 105,
       13, 88, 64, 41, 32, 176, 9, 143, 27, 0, 208, 170, 129, 223, 4, 12,
       35, 208, 192, 151, 217, 1, 50, 98, 132, 66, 2, 56, 6, 106, 237,
       22, 10, 111, 112, 116, 34, 254, 66, 83, 35, 144, 96, 122, 204, 54,
       168, 168, 176, 101, 14, 246, 175, 162, 0, 101, 170, 112, 160, 112,
       50, 121, 225, 36, 77, 121, 16, 109, 44, 182, 104, 159, 31, 132,
       112, 166, 149, 95, 0, 136, 32, 225, 192, 215, 249, 34, 146, 66,
       136, 71, 99, 57, 6, 103, 101, 112, 30, 122, 56, 119, 232, 118,
       229, 219, 61, 150, 113, 126, 204, 127, 44, 169, 240, 101, 142,
       230, 255, 225, 128, 110, 164, 66, 113, 88, 32, 88, 161, 43, 9,
       120, 64, 45, 32, 162, 9, 159, 19, 0, 16, 162, 149, 76, 0, 12, 1,
       209, 128, 213, 241, 2, 49, 96, 0, 75, 2, 105, 34, 97, 65, 109, 89,
       233, 0, 109, 96, 182, 200, 143, 0, 148, 180, 42, 132, 238, 12,
       129, 98, 228, 192, 148, 249, 3, 48, 66, 140, 75, 164, 32, 32, 19,
       136, 77, 71, 160, 72, 22, 144, 192, 2, 84, 211, 96, 80, 248, 153,
       34, 128, 2, 211, 219, 209, 213, 128, 139, 44, 17, 8, 33, 162 ]
