%YAML:1.0
---
features:
   -
      x: 396.
      y: 687.
      size: 31.
      angle: 2.5043585205078125e+02
      response: 7.6785968849435449e-04
      octave: 0
      class_id: -1
      pt3d_x: 6.4510479736328125e+02
      pt3d_y: 1.8068157196044922e+01
      pt3d_z: 7.1775817871093750e+02
   -
      x: 4.5287435913085938e+02
      y: 6.6189324951171875e+02
      size: 7.7137939453125000e+01
      angle: 2.2856454467773438e+02
      response: 6.3663459150120616e-04
      octave: 5
      class_id: -1
      pt3d_x: 6.3360198974609375e+02
      pt3d_y: 1.9851486206054688e+01
      pt3d_z: 7.3479333496093750e+02
   -
      x: 550.
      y: 657.
      size: 31.
      angle: 2.3480627441406250e+02
      response: 6.2115170294418931e-04
      octave: 0
      class_id: -1
      pt3d_x: 6.0221105957031250e+02
      pt3d_y: 3.0586143493652344e+01
      pt3d_z: 7.4608276367187500e+02
   -
      x: 596.
      y: 637.
      size: 31.
      angle: 2.6324249267578125e+02
      response: 5.9236696688458323e-04
      octave: 0
      class_id: -1
      pt3d_x: 5.9151251220703125e+02
      pt3d_y: 3.4483749389648438e+01
      pt3d_z: 7.5811309814453125e+02
   -
      x: 257.
      y: 699.
      size: 31.
      angle: 2.9652590942382812e+02
      response: 2.9424234526231885e-04
      octave: 0
      class_id: -1
      pt3d_x: 6.7328057861328125e+02
      pt3d_y: 3.4093578338623047e+01
      pt3d_z: 6.8432171630859375e+02
   -
      x: 472.
      y: 631.
      size: 31.
      angle: 2.6285205078125000e+02
      response: 2.3998778488021344e-04
      octave: 0
      class_id: -1
      pt3d_x: 6.3183831787109375e+02
      pt3d_y: 2.5552249908447266e+01
      pt3d_z: 7.4523059082031250e+02
   -
      x: 310.
      y: 712.
      size: 31.
      angle: 2.7258078002929688e+02
      response: 2.2321123105939478e-04
      octave: 0
      class_id: -1
      pt3d_x: 6.5721899414062500e+02
      pt3d_y: 3.1785531997680664e+01
      pt3d_z: 6.8999609375000000e+02
   -
      x: 1.4631326293945312e+02
      y: 6.9872045898437500e+02
      size: 9.2565528869628906e+01
      angle: 3.0489587402343750e+02
      response: 1.9901841005776078e-04
      octave: 6
      class_id: -1
      pt3d_x: 7.1917071533203125e+02
      pt3d_y: 1.1289348602294922e+01
      pt3d_z: 6.7520452880859375e+02
   -
      x: 3.3443029785156250e+02
      y: 6.4795867919921875e+02
      size: 9.2565528869628906e+01
      angle: 3.2745809936523438e+02
      response: 1.6589617007412016e-04
      octave: 6
      class_id: -1
      pt3d_x: 6.7323571777343750e+02
      pt3d_y: 1.7441427230834961e+01
      pt3d_z: 7.2047058105468750e+02
   -
      x: 3.4936022949218750e+02
      y: 6.9872045898437500e+02
      size: 9.2565528869628906e+01
      angle: 2.5869561767578125e+02
      response: 1.5913238166831434e-04
      octave: 6
      class_id: -1
      pt3d_x: 6.5290106201171875e+02
      pt3d_y: 2.5030315399169922e+01
      pt3d_z: 7.0324072265625000e+02
descriptors: !!opencv-matrix
   rows: 10
   cols: 32
   dt: u
   data: [ 2, 138, 6, 155, 107, 209, 184, 198, 190, 89, 80, 231, 172,
       202, 38, 196, 231, 107, 187, 133, 6, 216, 14, 245, 12, 50, 218,
       139, 28, 4, 57, 207, 2, 58, 30, 154, 106, 141, 184, 82, 142, 92,
       80, 239, 172, 206, 230, 64, 207, 59, 251, 5, 135, 75, 154, 241,
       84, 16, 43, 186, 28, 8, 9, 145, 2, 32, 30, 168, 77, 207, 184, 72,
       174, 4, 242, 3, 204, 218, 32, 66, 234, 253, 235, 129, 4, 211, 147,
       208, 149, 179, 138, 11, 0, 8, 45, 130, 3, 26, 127, 223, 110, 151,
       185, 88, 222, 72, 86, 230, 244, 198, 182, 96, 118, 57, 62, 141,
       131, 144, 127, 249, 68, 58, 43, 128, 28, 136, 33, 241, 57, 4, 239,
       69, 22, 18, 239, 48, 116, 226, 222, 194, 81, 33, 144, 100, 126,
       196, 52, 174, 169, 176, 101, 14, 118, 47, 167, 128, 47, 226, 112,
       96, 2, 136, 146, 156, 77, 229, 184, 194, 158, 23, 64, 3, 172, 254,
       39, 204, 239, 59, 179, 129, 6, 30, 18, 243, 5, 54, 218, 43, 144,
       77, 45, 142, 35, 32, 97, 193, 108, 93, 233, 16, 108, 96, 242, 192,
       145, 6, 148, 100, 78, 140, 94, 140, 129, 178, 245, 192, 4, 56,
       170, 128, 69, 136, 115, 244, 65, 34, 88, 37, 32, 24, 104, 16, 105,
       64, 178, 204, 143, 2, 150, 150, 162, 196, 108, 12, 133, 96, 197,
       64, 134, 248, 34, 16, 72, 128, 75, 4, 74, 137, 50, 248, 75, 209,
       48, 103, 175, 20, 228, 33, 44, 215, 36, 212, 226, 59, 235, 128,
       82, 11, 130, 213, 147, 241, 90, 107, 18, 4, 175, 46, 80, 32, 215,
       77, 74, 11, 96, 72, 118, 160, 226, 72, 195, 129, 4, 118, 120, 220,
       106, 8, 1, 243, 223, 68, 29, 170, 1, 16, 97, 168, 66, 160 ]
