%YAML:1.0
---
features:
   -
      x: 596.
      y: 675.
      size: 31.
      angle: 2.3646206665039062e+02
      response: 2.3129773326218128e-03
      octave: 0
      class_id: -1
      pt3d_x: 9.1461212158203125e+02
      pt3d_y: 2.9544563293457031e+00
      pt3d_z: 6.4960388183593750e+02
   -
      x: 732.
      y: 533.
      size: 31.
      angle: 2.5358364868164062e+02
      response: 1.2326671276241541e-03
      octave: 0
      class_id: -1
      pt3d_x: 9.8535253906250000e+02
      pt3d_y: 1.2683749198913574e+01
      pt3d_z: 6.0615991210937500e+02
   -
      x: 275.
      y: 632.
      size: 31.
      angle: 2.7354583740234375e+02
      response: 2.7131065144203603e-04
      octave: 0
      class_id: -1
      pt3d_x: 8.1072552490234375e+02
      pt3d_y: 1.6367544174194336e+01
      pt3d_z: 6.1425964355468750e+02
   -
      x: 771.
      y: 518.
      size: 31.
      angle: 2.3444723510742188e+02
      response: 2.5993314920924604e-04
      octave: 0
      class_id: -1
      pt3d_x: 1.0032454833984375e+03
      pt3d_y: 1.3931130409240723e+01
      pt3d_z: 6.0346105957031250e+02
   -
      x: 8.8992004394531250e+02
      y: 3.7872000122070312e+02
      size: 4.4640003204345703e+01
      angle: 2.1149661254882812e+02
      response: 2.4022898287512362e-04
      octave: 2
      class_id: -1
      pt3d_x: 1.4311440429687500e+03
      pt3d_y: -2.8575231933593750e+02
      pt3d_z: 1.5132768249511719e+02
   -
      x: 8.0280004882812500e+02
      y: 4.8240002441406250e+02
      size: 3.7200000762939453e+01
      angle: 2.1961210632324219e+02
      response: 2.2588991851080209e-04
      octave: 1
      class_id: -1
      pt3d_x: 1.0241679687500000e+03
      pt3d_y: 1.6469060897827148e+01
      pt3d_z: 5.8945642089843750e+02
   -
      x: 3.9116400146484375e+02
      y: 6.6288861083984375e+02
      size: 9.2565528869628906e+01
      angle: 3.0658374023437500e+02
      response: 2.0077203225810081e-04
      octave: 6
      class_id: -1
      pt3d_x: 8.4688464355468750e+02
      pt3d_y: 1.4146029472351074e+01
      pt3d_z: 6.3531250000000000e+02
   -
      x: 454.
      y: 673.
      size: 31.
      angle: 2.4423925781250000e+02
      response: 1.3901469355914742e-04
      octave: 0
      class_id: -1
      pt3d_x: 8.6606640625000000e+02
      pt3d_y: 1.4486649513244629e+01
      pt3d_z: 6.4543884277343750e+02
   -
      x: 78.
      y: 695.
      size: 31.
      angle: 2.7248754882812500e+02
      response: 1.3654583017341793e-04
      octave: 0
      class_id: -1
      pt3d_x: 7.4730749511718750e+02
      pt3d_y: 1.3542319297790527e+01
      pt3d_z: 6.2191888427734375e+02
   -
      x: 550.
      y: 676.
      size: 31.
      angle: 2.4656086730957031e+02
      response: 1.2883139424957335e-04
      octave: 0
      class_id: -1
      pt3d_x: 8.9926300048828125e+02
      pt3d_y: 2.9893980026245117e+00
      pt3d_z: 6.4595843505859375e+02
descriptors: !!opencv-matrix
   rows: 10
   cols: 32
   dt: u
   data: [ 104, 32, 56, 96, 37, 93, 81, 16, 97, 172, 180, 8, 31, 25, 66,
       16, 128, 148, 205, 8, 8, 96, 208, 0, 203, 217, 37, 49, 66, 136,
       78, 3, 104, 50, 17, 96, 40, 13, 80, 16, 41, 44, 176, 108, 159, 19,
       64, 16, 134, 148, 108, 0, 9, 98, 192, 0, 195, 217, 33, 178, 74,
       128, 70, 19, 220, 98, 222, 115, 160, 185, 119, 148, 169, 7, 54,
       56, 207, 67, 139, 154, 163, 212, 204, 90, 42, 165, 137, 98, 226,
       253, 36, 19, 226, 211, 206, 3, 120, 48, 121, 96, 45, 77, 81, 80,
       107, 108, 180, 8, 159, 29, 2, 48, 204, 148, 221, 8, 136, 98, 240,
       144, 211, 217, 33, 51, 98, 136, 70, 115, 120, 48, 80, 224, 41, 77,
       112, 80, 45, 104, 180, 9, 159, 31, 2, 144, 238, 149, 223, 0, 8,
       99, 209, 192, 215, 217, 3, 51, 74, 12, 74, 147, 120, 34, 224, 37,
       9, 91, 80, 0, 99, 228, 166, 141, 203, 8, 86, 150, 136, 196, 236,
       0, 12, 99, 245, 128, 146, 241, 5, 51, 98, 12, 94, 70, 213, 80,
       223, 239, 6, 6, 110, 184, 116, 2, 227, 70, 221, 115, 41, 123, 118,
       213, 62, 234, 225, 148, 89, 104, 244, 171, 239, 4, 41, 179, 41,
       33, 91, 39, 66, 140, 50, 19, 42, 121, 52, 64, 206, 231, 253, 226,
       187, 245, 118, 236, 222, 239, 236, 147, 69, 79, 242, 37, 171, 128,
       46, 166, 43, 133, 112, 32, 80, 224, 105, 73, 81, 64, 41, 36, 176,
       9, 143, 11, 4, 16, 234, 145, 206, 0, 8, 34, 192, 192, 151, 216, 0,
       51, 99, 136, 70, 34, 212, 105, 59, 226, 168, 79, 95, 204, 47, 164,
       167, 8, 223, 215, 73, 48, 186, 221, 93, 251, 74, 7, 249, 176, 243,
       217, 135, 53, 32, 179, 198, 98 ]
