%YAML:1.0
---
features:
   -
      x: 8.8920001220703125e+02
      y: 642.
      size: 3.7200000762939453e+01
      angle: 2.4852502441406250e+02
      response: 2.0294908899813890e-03
      octave: 1
      class_id: -1
      pt3d_x: 2.6951712036132812e+02
      pt3d_y: 4.5418022155761719e+01
      pt3d_z: 6.5965356445312500e+02
   -
      x: 6.9240002441406250e+02
      y: 7.1040002441406250e+02
      size: 3.7200000762939453e+01
      angle: 2.7908139038085938e+02
      response: 8.9356483658775687e-04
      octave: 1
      class_id: -1
      pt3d_x: 3.4071575927734375e+02
      pt3d_y: 4.8286273956298828e+01
      pt3d_z: 6.6424993896484375e+02
   -
      x: 963.
      y: 618.
      size: 31.
      angle: 2.3745439147949219e+02
      response: 6.8346696207299829e-04
      octave: 0
      class_id: -1
      pt3d_x: 2.3952806091308594e+02
      pt3d_y: 4.3282318115234375e+01
      pt3d_z: 6.5769274902343750e+02
   -
      x: 804.
      y: 712.
      size: 31.
      angle: 2.1039022827148438e+02
      response: 3.6787425051443279e-04
      octave: 0
      class_id: -1
      pt3d_x: 3.0986892700195312e+02
      pt3d_y: 4.5681781768798828e+01
      pt3d_z: 6.5093939208984375e+02
   -
      x: 637.
      y: 707.
      size: 31.
      angle: 3.0683468627929688e+02
      response: 3.0020691337995231e-04
      octave: 0
      class_id: -1
      pt3d_x: 3.5450561523437500e+02
      pt3d_y: 4.7555973052978516e+01
      pt3d_z: 6.7228295898437500e+02
   -
      x: 738.
      y: 727.
      size: 31.
      angle: 2.7751736450195312e+02
      response: 2.9758334858343005e-04
      octave: 0
      class_id: -1
      pt3d_x: 3.3107220458984375e+02
      pt3d_y: 4.6892589569091797e+01
      pt3d_z: 6.5459881591796875e+02
   -
      x: 835.
      y: 692.
      size: 31.
      angle: 2.6173547363281250e+02
      response: 1.8786067084874958e-04
      octave: 0
      class_id: -1
      pt3d_x: 2.9647235107421875e+02
      pt3d_y: 4.4717403411865234e+01
      pt3d_z: 6.5283868408203125e+02
   -
      x: 601.
      y: 701.
      size: 31.
      angle: 2.9632821655273438e+02
      response: 1.5365701983682811e-04
      octave: 0
      class_id: -1
      pt3d_x: 3.6348202514648438e+02
      pt3d_y: 4.8492744445800781e+01
      pt3d_z: 6.7801757812500000e+02
   -
      x: 8.4801965332031250e+02
      y: 6.2407080078125000e+02
      size: 9.2565528869628906e+01
      angle: 1.5612112426757812e+02
      response: 6.9404472014866769e-05
      octave: 6
      class_id: -1
      pt3d_x: 2.7840087890625000e+02
      pt3d_y: 4.7953159332275391e+01
      pt3d_z: 6.6932690429687500e+02
   -
      x: 933.
      y: 639.
      size: 31.
      angle: 2.5510089111328125e+02
      response: 4.6775523514952511e-05
      octave: 0
      class_id: -1
      pt3d_x: 2.5496406555175781e+02
      pt3d_y: 4.3987964630126953e+01
      pt3d_z: 6.5526940917968750e+02
descriptors: !!opencv-matrix
   rows: 10
   cols: 32
   dt: u
   data: [ 19, 22, 107, 221, 54, 147, 79, 120, 85, 66, 222, 230, 115,
       237, 182, 100, 126, 232, 22, 172, 173, 176, 45, 223, 226, 110,
       163, 128, 63, 174, 112, 245, 25, 20, 11, 29, 22, 195, 35, 120, 20,
       64, 198, 230, 81, 228, 162, 96, 120, 236, 170, 160, 169, 145, 53,
       30, 113, 39, 163, 0, 57, 40, 116, 240, 24, 2, 94, 173, 78, 2, 105,
       80, 52, 32, 214, 198, 221, 131, 160, 64, 126, 205, 127, 140, 0,
       211, 133, 192, 212, 227, 170, 128, 60, 136, 33, 160, 106, 18, 26,
       152, 107, 137, 144, 72, 142, 12, 180, 175, 140, 203, 98, 144, 238,
       177, 239, 0, 4, 35, 202, 208, 210, 17, 43, 187, 24, 8, 47, 147,
       25, 6, 65, 101, 20, 10, 99, 48, 116, 96, 122, 68, 211, 33, 144,
       112, 122, 204, 14, 172, 169, 176, 101, 14, 228, 239, 34, 0, 111,
       170, 80, 32, 98, 40, 18, 154, 77, 193, 176, 72, 143, 4, 192, 11,
       164, 202, 100, 196, 201, 187, 235, 1, 6, 35, 90, 241, 17, 16, 139,
       59, 16, 8, 53, 134, 57, 18, 103, 237, 52, 30, 107, 88, 119, 104,
       118, 230, 219, 23, 176, 228, 126, 204, 62, 140, 169, 176, 117,
       158, 198, 239, 162, 128, 63, 140, 112, 177, 49, 0, 71, 201, 84,
       11, 98, 64, 118, 32, 226, 66, 83, 1, 52, 208, 120, 140, 42, 136,
       40, 178, 69, 30, 21, 174, 130, 0, 113, 8, 112, 128, 151, 74, 174,
       156, 44, 22, 173, 88, 156, 158, 151, 215, 192, 202, 247, 75, 108,
       229, 127, 239, 172, 199, 175, 200, 208, 50, 251, 137, 29, 189, 57,
       85, 107, 48, 42, 200, 111, 93, 185, 88, 173, 108, 244, 175, 156,
       222, 182, 224, 238, 153, 255, 133, 133, 35, 247, 192, 87, 25, 170,
       187, 31, 12, 47, 247 ]
