%YAML:1.0
---
features:
   -
      x: 283.
      y: 663.
      size: 31.
      angle: 2.9998181152343750e+02
      response: 2.1078034769743681e-03
      octave: 0
      class_id: -1
      pt3d_x: 3.3333334326744080e-01
      pt3d_y: 3.4600002288818359e+01
      pt3d_z: 2.8266665649414062e+02
   -
      x: 589.
      y: 648.
      size: 31.
      angle: 2.9477188110351562e+02
      response: 1.9178004004061222e-03
      octave: 0
      class_id: -1
      pt3d_x: 2.6066665649414062e+02
      pt3d_y: 3.3600002288818359e+01
      pt3d_z: 2.3533332824707031e+02
   -
      x: 143.
      y: 592.
      size: 31.
      angle: 2.8880746459960938e+02
      response: 1.7457912908867002e-03
      octave: 0
      class_id: -1
      pt3d_x: 1.7333333969116211e+01
      pt3d_y: 4.0466670989990234e+01
      pt3d_z: 4.9966665649414062e+02
   -
      x: 2.5082272338867188e+02
      y: 6.3900073242187500e+02
      size: 9.2565528869628906e+01
      angle: 2.8615075683593750e+02
      response: 1.6423756023868918e-03
      octave: 6
      class_id: -1
      pt3d_x: 1.4333333015441895e+01
      pt3d_y: 2.8466667175292969e+01
      pt3d_z: 3.3066665649414062e+02
   -
      x: 3.6720001220703125e+02
      y: 6.6240002441406250e+02
      size: 4.4640003204345703e+01
      angle: 2.5863140869140625e+02
      response: 9.4186887145042419e-04
      octave: 2
      class_id: -1
      pt3d_x: 6.1666667938232422e+01
      pt3d_y: 2.8666666030883789e+01
      pt3d_z: 2.6533334350585938e+02
   -
      x: 90.
      y: 553.
      size: 31.
      angle: 2.9280175781250000e+02
      response: 9.2913582921028137e-04
      octave: 0
      class_id: -1
      pt3d_x: 4.3333334922790527e+00
      pt3d_y: 2.2933334350585938e+01
      pt3d_z: 5.4566668701171875e+02
   -
      x: 322.
      y: 664.
      size: 31.
      angle: 2.6218923950195312e+02
      response: 9.1441068798303604e-04
      octave: 0
      class_id: -1
      pt3d_x: 3.3333332061767578e+01
      pt3d_y: 2.5866666793823242e+01
      pt3d_z: 2.7766665649414062e+02
   -
      x: 416.
      y: 647.
      size: 31.
      angle: 2.4896121215820312e+02
      response: 7.3709519347175956e-04
      octave: 0
      class_id: -1
      pt3d_x: 8.5333335876464844e+01
      pt3d_y: 1.5066666603088379e+01
      pt3d_z: 2.6766665649414062e+02
   -
      x: 552.
      y: 644.
      size: 31.
      angle: 2.7663562011718750e+02
      response: 7.1218772791326046e-04
      octave: 0
      class_id: -1
      pt3d_x: 2.3733332824707031e+02
      pt3d_y: 14.
      pt3d_z: 2.2166667175292969e+02
   -
      x: 814.
      y: 640.
      size: 31.
      angle: 2.6198455810546875e+02
      response: 6.7906384356319904e-04
      octave: 0
      class_id: -1
      pt3d_x: 5.0733334350585938e+02
      pt3d_y: 2.8466667175292969e+01
      pt3d_z: 1.3166667175292969e+02
   -
      x: 518.
      y: 634.
      size: 31.
      angle: 2.7835934448242188e+02
      response: 6.3726626103743911e-04
      octave: 0
      class_id: -1
      pt3d_x: 2.5033332824707031e+02
      pt3d_y: 36.
      pt3d_z: 3.0466665649414062e+02
   -
      x: 744.
      y: 646.
      size: 31.
      angle: 2.7055456542968750e+02
      response: 5.8299320517107844e-04
      octave: 0
      class_id: -1
      pt3d_x: 4.5666665649414062e+02
      pt3d_y: 3.1866668701171875e+01
      pt3d_z: 1.4833332824707031e+02
   -
      x: 178.
      y: 616.
      size: 31.
      angle: 2.9609808349609375e+02
      response: 5.6899437913671136e-04
      octave: 0
      class_id: -1
      pt3d_x: 6.3333334922790527e+00
      pt3d_y: 3.8733333587646484e+01
      pt3d_z: 4.4066665649414062e+02
   -
      x: 474.
      y: 647.
      size: 31.
      angle: 2.6832580566406250e+02
      response: 4.9519503954797983e-04
      octave: 0
      class_id: -1
      pt3d_x: 2.0666667175292969e+02
      pt3d_y: 3.4533332824707031e+01
      pt3d_z: 2.5033332824707031e+02
   -
      x: 7.0272003173828125e+02
      y: 6.4368005371093750e+02
      size: 4.4640003204345703e+01
      angle: 2.7941937255859375e+02
      response: 3.8411587593145669e-04
      octave: 2
      class_id: -1
      pt3d_x: 4.2066665649414062e+02
      pt3d_y: 3.1133333206176758e+01
      pt3d_z: 1.7433332824707031e+02
   -
      x: 780.
      y: 651.
      size: 31.
      angle: 2.7349102783203125e+02
      response: 2.6662374148145318e-04
      octave: 0
      class_id: -1
      pt3d_x: 4.8666665649414062e+02
      pt3d_y: 3.0866666793823242e+01
      pt3d_z: 1.3233332824707031e+02
   -
      x: 6.0480003356933594e+01
      y: 5.4432000732421875e+02
      size: 4.4640003204345703e+01
      angle: 2.9965643310546875e+02
      response: 2.6529171736910939e-04
      octave: 2
      class_id: -1
      pt3d_x: 2.3333333969116211e+01
      pt3d_y: 44.
      pt3d_z: 6.3166668701171875e+02
   -
      x: 8.5399163818359375e+02
      y: 6.3302880859375000e+02
      size: 9.2565528869628906e+01
      angle: 2.5230380249023438e+02
      response: 2.1959992591291666e-04
      octave: 6
      class_id: -1
      pt3d_x: 5.4733331298828125e+02
      pt3d_y: 2.8866666793823242e+01
      pt3d_z: 1.4466667175292969e+02
   -
      x: 6.3244805908203125e+02
      y: 6.3244805908203125e+02
      size: 6.4281608581542969e+01
      angle: 2.5682141113281250e+02
      response: 2.0481365208979696e-04
      octave: 4
      class_id: -1
      pt3d_x: 3.2566665649414062e+02
      pt3d_y: 3.3466670989990234e+01
      pt3d_z: 2.6033334350585938e+02
   -
      x: 4.2998181152343750e+02
      y: 5.4464361572265625e+02
      size: 1.1107863616943359e+02
      angle: 2.6831463623046875e+02
      response: 1.4036016364116222e-04
      octave: 7
      class_id: -1
      pt3d_x: 2.8433334350585938e+02
      pt3d_y: 4.0533332824707031e+01
      pt3d_z: 5.2266668701171875e+02
