%YAML:1.0
---
features:
   -
      x: 133.
      y: 634.
      size: 31.
      angle: 3.0795809936523438e+02
      response: 3.4095623996108770e-03
      octave: 0
      class_id: -1
      pt3d_x: 1.4416877746582031e+02
      pt3d_y: 4.4087539672851562e+01
      pt3d_z: 5.7499450683593750e+02
   -
      x: 177.
      y: 690.
      size: 31.
      angle: 2.8518395996093750e+02
      response: 1.6111026052385569e-03
      octave: 0
      class_id: -1
      pt3d_x: 1.6461723327636719e+02
      pt3d_y: 4.1512683868408203e+01
      pt3d_z: 5.9636920166015625e+02
   -
      x: 332.
      y: 690.
      size: 31.
      angle: 2.7488195800781250e+02
      response: 1.3710757484659553e-03
      octave: 0
      class_id: -1
      pt3d_x: 2.1377119445800781e+02
      pt3d_y: 3.4831611633300781e+01
      pt3d_z: 5.9110601806640625e+02
   -
      x: 47.
      y: 532.
      size: 31.
      angle: 3.1955163574218750e+02
      response: 1.2031503720209002e-03
      octave: 0
      class_id: -1
      pt3d_x: 8.0291679382324219e+01
      pt3d_y: 2.2413537979125977e+01
      pt3d_z: 5.0067248535156250e+02
   -
      x: 34.
      y: 489.
      size: 31.
      angle: 2.9457229614257812e+02
      response: 8.6611125152558088e-04
      octave: 0
      class_id: -1
      pt3d_x: 6.1228366851806641e+01
      pt3d_y: 1.8821964263916016e+01
      pt3d_z: 4.6873367309570312e+02
   -
      x: 4.7775756835937500e+02
      y: 6.8379052734375000e+02
      size: 9.2565528869628906e+01
      angle: 2.7807772827148438e+02
      response: 8.2878390094265342e-04
      octave: 6
      class_id: -1
      pt3d_x: 2.6237161254882812e+02
      pt3d_y: 3.9130531311035156e+01
      pt3d_z: 5.9166271972656250e+02
   -
      x: 5.7480206298828125e+02
      y: 6.8677648925781250e+02
      size: 7.7137939453125000e+01
      angle: 2.6757382202148438e+02
      response: 6.7099957959726453e-04
      octave: 5
      class_id: -1
      pt3d_x: 2.9571673583984375e+02
      pt3d_y: 2.5806985855102539e+01
      pt3d_z: 5.8230224609375000e+02
   -
      x: 947.
      y: 676.
      size: 31.
      angle: 2.6758666992187500e+02
      response: 6.3684477936476469e-04
      octave: 0
      class_id: -1
      pt3d_x: 4.1975289916992188e+02
      pt3d_y: 3.8418224334716797e+01
      pt3d_z: 5.8821453857421875e+02
   -
      x: 5.1552001953125000e+02
      y: 6.6960003662109375e+02
      size: 4.4640003204345703e+01
      angle: 2.6063952636718750e+02
      response: 5.5493030231446028e-04
      octave: 2
      class_id: -1
      pt3d_x: 2.7511334228515625e+02
      pt3d_y: 3.5788963317871094e+01
      pt3d_z: 5.8313458251953125e+02
   -
      x: 689.
      y: 675.
      size: 31.
      angle: 2.6907617187500000e+02
      response: 5.3091812878847122e-04
      octave: 0
      class_id: -1
      pt3d_x: 3.3669482421875000e+02
      pt3d_y: 2.4758241653442383e+01
      pt3d_z: 5.7671856689453125e+02
descriptors: !!opencv-matrix
   rows: 10
   cols: 32
   dt: u
   data: [ 2, 14, 47, 191, 30, 198, 189, 96, 188, 14, 210, 131, 100, 238,
       52, 65, 236, 117, 187, 131, 32, 217, 11, 237, 113, 51, 203, 131,
       20, 40, 53, 66, 73, 50, 25, 225, 96, 12, 57, 16, 41, 8, 50, 108,
       158, 19, 128, 48, 134, 21, 92, 0, 129, 0, 128, 64, 196, 249, 42,
       130, 72, 128, 3, 179, 73, 48, 81, 96, 37, 13, 113, 16, 109, 8, 50,
       72, 158, 19, 4, 244, 166, 149, 78, 8, 129, 32, 241, 192, 135, 248,
       0, 18, 74, 128, 67, 33, 90, 34, 83, 161, 34, 72, 249, 64, 45, 12,
       178, 235, 143, 143, 0, 208, 46, 149, 239, 129, 8, 67, 229, 192,
       212, 240, 42, 145, 65, 128, 39, 97, 2, 140, 42, 155, 95, 193, 179,
       198, 30, 69, 80, 147, 164, 220, 54, 64, 233, 59, 147, 129, 38,
       186, 50, 255, 109, 54, 154, 11, 20, 12, 181, 222, 72, 50, 17, 192,
       97, 13, 104, 16, 41, 8, 178, 108, 142, 3, 128, 212, 134, 149, 110,
       8, 129, 96, 193, 192, 134, 248, 33, 130, 74, 128, 67, 49, 88, 32,
       88, 225, 37, 89, 120, 0, 109, 36, 182, 9, 143, 11, 18, 144, 170,
       133, 204, 12, 8, 32, 193, 192, 215, 249, 2, 49, 66, 132, 75, 128,
       73, 48, 24, 96, 32, 13, 81, 16, 105, 40, 54, 12, 159, 19, 0, 16,
       132, 21, 108, 8, 8, 32, 208, 0, 195, 249, 32, 48, 72, 0, 67, 35,
       25, 12, 239, 255, 22, 211, 249, 112, 116, 64, 86, 130, 121, 255,
       180, 96, 126, 253, 63, 169, 160, 241, 39, 252, 87, 235, 235, 128,
       55, 168, 117, 227, 80, 32, 81, 225, 36, 9, 104, 0, 109, 32, 178,
       8, 143, 3, 0, 80, 170, 133, 78, 8, 8, 34, 193, 192, 149, 248, 2,
       48, 64, 128, 67, 0 ]
