%YAML:1.0
---
features:
   -
      x: 104.
      y: 730.
      size: 31.
      angle: 3.1567007446289062e+02
      response: 1.1312392307445407e-03
      octave: 0
      class_id: -1
      pt3d_x: 1.6811341857910156e+02
      pt3d_y: 4.2716987609863281e+01
      pt3d_z: 6.1581378173828125e+02
   -
      x: 8.2800003051757812e+01
      y: 6.9480004882812500e+02
      size: 3.7200000762939453e+01
      angle: 3.5647897338867188e+02
      response: 9.2375883832573891e-04
      octave: 1
      class_id: -1
      pt3d_x: 1.5307086181640625e+02
      pt3d_y: 4.4491943359375000e+01
      pt3d_z: 6.0076672363281250e+02
   -
      x: 2.9232000732421875e+02
      y: 7.5312005615234375e+02
      size: 4.4640003204345703e+01
      angle: 8.5287942886352539e+00
      response: 2.8482972993515432e-04
      octave: 2
      class_id: -1
      pt3d_x: 2.5706521606445312e+02
      pt3d_y: 4.0349540710449219e+01
      pt3d_z: 6.1785705566406250e+02
   -
      x: 1.1040000152587891e+02
      y: 7.5960003662109375e+02
      size: 3.7200000762939453e+01
      angle: 3.3744256591796875e+02
      response: 2.7252148720435798e-04
      octave: 1
      class_id: -1
      pt3d_x: 1.7534545898437500e+02
      pt3d_y: 4.3407794952392578e+01
      pt3d_z: 6.2849914550781250e+02
   -
      x: 924.
      y: 768.
      size: 31.
      angle: 2.5154260253906250e+02
      response: 2.6571322814561427e-04
      octave: 0
      class_id: -1
      pt3d_x: 5.5966461181640625e+02
      pt3d_y: 8.8570251464843750e+00
      pt3d_z: 5.9015686035156250e+02
   -
      x: 36.
      y: 599.
      size: 31.
      angle: 3.3907333374023438e+02
      response: 2.5543579249642789e-04
      octave: 0
      class_id: -1
      pt3d_x: 1.0803224945068359e+02
      pt3d_y: 3.3682353973388672e+01
      pt3d_z: 5.5180340576171875e+02
   -
      x: 4.9800003051757812e+02
      y: 7.6080004882812500e+02
      size: 3.7200000762939453e+01
      angle: 2.8832281494140625e+02
      response: 2.2217573132365942e-04
      octave: 1
      class_id: -1
      pt3d_x: 3.5230761718750000e+02
      pt3d_y: 4.3481685638427734e+01
      pt3d_z: 6.1348199462890625e+02
   -
      x: 4.0608004760742188e+02
      y: 6.2208007812500000e+02
      size: 5.3568004608154297e+01
      angle: 3.2698785400390625e+02
      response: 2.0946218864992261e-04
      octave: 3
      class_id: -1
      pt3d_x: 2.9863000488281250e+02
      pt3d_y: 2.6792264938354492e+01
      pt3d_z: 5.4482672119140625e+02
   -
      x: 5.0164544677734375e+02
      y: 5.8764184570312500e+02
      size: 1.1107863616943359e+02
      angle: 2.7339123535156250e+02
      response: 1.9304064335301518e-04
      octave: 7
      class_id: -1
      pt3d_x: 3.4562435913085938e+02
      pt3d_y: 2.5107324600219727e+01
      pt3d_z: 5.2052630615234375e+02
   -
      x: 183.
      y: 668.
      size: 31.
      angle: 8.6548255920410156e+01
      response: 1.9196271023247391e-04
      octave: 0
      class_id: -1
      pt3d_x: 1.9286743164062500e+02
      pt3d_y: 3.2236171722412109e+01
      pt3d_z: 5.8029711914062500e+02
descriptors: !!opencv-matrix
   rows: 10
   cols: 32
   dt: u
   data: [ 35, 14, 38, 159, 125, 151, 250, 104, 223, 28, 84, 135, 232,
       232, 54, 197, 217, 107, 131, 133, 166, 187, 78, 255, 38, 126, 203,
       131, 95, 44, 121, 198, 9, 7, 100, 5, 118, 26, 238, 48, 117, 228,
       126, 198, 203, 40, 150, 212, 62, 204, 70, 239, 228, 176, 69, 78,
       38, 111, 38, 128, 111, 190, 75, 133, 90, 249, 242, 92, 27, 192,
       21, 230, 169, 13, 252, 32, 174, 183, 5, 20, 46, 251, 237, 192, 74,
       107, 226, 105, 243, 244, 22, 11, 67, 80, 39, 171, 83, 50, 26, 160,
       45, 29, 248, 64, 173, 104, 146, 71, 142, 154, 54, 240, 238, 133,
       255, 133, 141, 67, 145, 192, 148, 113, 11, 155, 72, 4, 59, 87, 88,
       48, 24, 225, 34, 76, 81, 16, 44, 0, 38, 40, 159, 23, 0, 80, 166,
       149, 125, 0, 9, 64, 145, 0, 211, 225, 34, 17, 40, 128, 7, 51, 17,
       32, 254, 109, 30, 27, 168, 72, 118, 224, 242, 226, 217, 248, 182,
       224, 126, 205, 126, 165, 141, 241, 239, 220, 148, 107, 111, 128,
       109, 172, 105, 132, 6, 221, 23, 218, 139, 196, 55, 229, 172, 80,
       76, 36, 252, 214, 40, 117, 230, 59, 154, 194, 83, 1, 58, 113, 181,
       128, 14, 10, 24, 82, 165, 191, 90, 249, 122, 88, 43, 212, 52, 71,
       173, 1, 230, 32, 46, 159, 38, 114, 166, 179, 253, 0, 70, 11, 146,
       97, 243, 253, 18, 11, 106, 4, 171, 31, 36, 168, 156, 185, 222,
       225, 178, 200, 158, 51, 192, 2, 196, 250, 105, 8, 217, 89, 107,
       145, 18, 99, 90, 209, 93, 6, 143, 127, 145, 104, 37, 130, 190, 86,
       195, 224, 165, 34, 78, 223, 17, 186, 176, 246, 11, 43, 233, 205,
       121, 222, 151, 178, 105, 183, 5, 194, 178, 194, 239, 182, 191,
       252, 248, 149 ]
