%YAML:1.0
---
features:
   -
      x: 741.
      y: 749.
      size: 31.
      angle: 2.3408444213867188e+02
      response: 5.0731300143525004e-04
      octave: 0
      class_id: -1
      pt3d_x: 5.8315289306640625e+02
      pt3d_y: 1.7414409637451172e+01
      pt3d_z: 8.1807159423828125e+02
   -
      x: 598.
      y: 737.
      size: 31.
      angle: 2.6985626220703125e+02
      response: 1.9926190725527704e-04
      octave: 0
      class_id: -1
      pt3d_x: 5.4002423095703125e+02
      pt3d_y: 4.5593647003173828e+01
      pt3d_z: 7.6031225585937500e+02
   -
      x: 288.
      y: 744.
      size: 31.
      angle: 2.9836926269531250e+02
      response: 1.9675400108098984e-04
      octave: 0
      class_id: -1
      pt3d_x: 4.5769082641601562e+02
      pt3d_y: 2.5396219253540039e+01
      pt3d_z: 6.3856207275390625e+02
   -
      x: 211.
      y: 761.
      size: 31.
      angle: 3.0997091674804688e+02
      response: 1.6940660134423524e-04
      octave: 0
      class_id: -1
      pt3d_x: 4.3014334106445312e+02
      pt3d_y: 4.0169708251953125e+01
      pt3d_z: 6.1961090087890625e+02
   -
      x: 7.2380273437500000e+02
      y: 3.1532000732421875e+02
      size: 1.1107863616943359e+02
      angle: 2.2211683654785156e+02
      response: 1.4237419236451387e-04
      octave: 7
      class_id: -1
      pt3d_x: 8.3584222412109375e+02
      pt3d_y: 3.4593732357025146e+00
      pt3d_z: 6.7995214843750000e+02
   -
      x: 7.0080004882812500e+02
      y: 7.5240002441406250e+02
      size: 3.7200000762939453e+01
      angle: 2.6109375000000000e+02
      response: 1.0019789624493569e-04
      octave: 1
      class_id: -1
      pt3d_x: 5.6848321533203125e+02
      pt3d_y: 2.3312469482421875e+01
      pt3d_z: 8.0233410644531250e+02
   -
      x: 1.6721514892578125e+02
      y: 6.5094470214843750e+02
      size: 9.2565528869628906e+01
      angle: 2.9632287597656250e+02
      response: 1.0007142554968596e-04
      octave: 6
      class_id: -1
      pt3d_x: 4.5547802734375000e+02
      pt3d_y: 4.3113834381103516e+01
      pt3d_z: 5.6567523193359375e+02
   -
      x: 2.4365637207031250e+02
      y: 5.6255957031250000e+02
      size: 1.1107863616943359e+02
      angle: 1.0798088836669922e+02
      response: 9.7798787464853376e-05
      octave: 7
      class_id: -1
      pt3d_x: 5.1640216064453125e+02
      pt3d_y: 1.9407985687255859e+01
      pt3d_z: 5.5119616699218750e+02
   -
      x: 35.
      y: 742.
      size: 31.
      angle: 2.9690399169921875e+02
      response: 9.7619769803714007e-05
      octave: 0
      class_id: -1
      pt3d_x: 3.8858319091796875e+02
      pt3d_y: 2.3421627044677734e+01
      pt3d_z: 5.3727526855468750e+02
   -
      x: 1.7915908813476562e+02
      y: 6.0217358398437500e+02
      size: 7.7137939453125000e+01
      angle: 3.3919635009765625e+02
      response: 9.7548036137595773e-05
      octave: 5
      class_id: -1
      pt3d_x: 4.7721325683593750e+02
      pt3d_y: 3.8652233123779297e+01
      pt3d_z: 5.4987896728515625e+02
descriptors: !!opencv-matrix
   rows: 10
   cols: 32
   dt: u
   data: [ 56, 48, 80, 224, 45, 29, 216, 80, 47, 40, 180, 9, 143, 25, 0,
       148, 232, 145, 207, 4, 12, 99, 80, 144, 147, 217, 1, 51, 66, 140,
       74, 131, 54, 45, 120, 110, 253, 111, 95, 249, 91, 170, 61, 8, 127,
       125, 61, 48, 155, 251, 85, 107, 120, 35, 104, 190, 123, 221, 37,
       185, 247, 251, 198, 163, 114, 109, 106, 172, 223, 11, 86, 237,
       233, 132, 248, 143, 99, 232, 55, 16, 186, 225, 69, 103, 92, 171,
       4, 172, 242, 236, 5, 27, 117, 126, 250, 202, 192, 180, 19, 254,
       250, 237, 23, 111, 185, 10, 184, 120, 190, 247, 160, 49, 183, 187,
       78, 32, 115, 11, 10, 95, 177, 214, 54, 186, 208, 80, 167, 187,
       184, 96, 90, 100, 65, 203, 80, 64, 33, 36, 228, 24, 11, 17, 0,
       153, 8, 152, 192, 8, 8, 183, 80, 21, 211, 217, 16, 49, 98, 136,
       78, 138, 2, 32, 19, 185, 94, 139, 170, 72, 30, 160, 80, 66, 213,
       195, 32, 64, 123, 169, 27, 136, 35, 209, 11, 219, 180, 132, 171,
       44, 21, 136, 49, 160, 137, 134, 87, 101, 48, 42, 104, 55, 124, 33,
       122, 244, 223, 35, 128, 209, 55, 6, 44, 12, 177, 188, 5, 15, 132,
       239, 112, 192, 108, 128, 227, 41, 203, 250, 181, 55, 233, 125, 28,
       159, 171, 251, 16, 125, 172, 62, 70, 187, 135, 83, 253, 21, 183,
       76, 250, 243, 207, 83, 93, 187, 142, 84, 143, 95, 109, 48, 29, 96,
       105, 141, 89, 146, 169, 25, 100, 76, 159, 147, 0, 59, 132, 29, 92,
       28, 147, 18, 242, 16, 199, 249, 32, 104, 202, 128, 2, 179, 193,
       157, 31, 253, 2, 4, 191, 55, 168, 74, 122, 84, 188, 55, 0, 99,
       166, 119, 125, 235, 225, 201, 144, 111, 229, 170, 106, 2, 8, 112,
       163, 43 ]
