%YAML:1.0
---
features:
   -
      x: 945.
      y: 697.
      size: 31.
      angle: 2.6954278564453125e+02
      response: 1.1310060508549213e-03
      octave: 0
      class_id: -1
      pt3d_x: 9.6666669845581055e+00
      pt3d_y: 3.8533336639404297e+01
      pt3d_z: 5.0733334350585938e+02
   -
      x: 8.4602893066406250e+02
      y: 7.0087689208984375e+02
      size: 6.4281608581542969e+01
      angle: 2.7047940063476562e+02
      response: 1.0509894927963614e-03
      octave: 4
      class_id: -1
      pt3d_x: 3.3333334326744080e-01
      pt3d_y: 3.6133335113525391e+01
      pt3d_z: 6.6666668653488159e-01
   -
      x: 8.8957452392578125e+02
      y: 6.9465612792968750e+02
      size: 6.4281608581542969e+01
      angle: 2.5898388671875000e+02
      response: 3.6806394928134978e-04
      octave: 4
      class_id: -1
      pt3d_x: 1.3333333730697632e+00
      pt3d_y: 2.2600000381469727e+01
      pt3d_z: 5.4466668701171875e+02
   -
      x: 194.
      y: 760.
      size: 31.
      angle: 3.3984085083007812e+02
      response: 3.6048667971044779e-04
      octave: 0
      class_id: -1
      pt3d_x: 1.3366667175292969e+02
      pt3d_y: 4.0866668701171875e+01
      pt3d_z: 1.0763333740234375e+03
   -
      x: 808.
      y: 720.
      size: 31.
      angle: 2.5481887817382812e+02
      response: 2.6064805570058525e-04
      octave: 0
      class_id: -1
      pt3d_x: 1.7666666030883789e+01
      pt3d_y: 4.2266666412353516e+01
      pt3d_z: 6.3033331298828125e+02
   -
      x: 8.7436810302734375e+02
      y: 6.5664007568359375e+02
      size: 5.3568004608154297e+01
      angle: 7.7887039184570312e+01
      response: 1.3743247836828232e-04
      octave: 3
      class_id: -1
      pt3d_x: 3.4666667938232422e+01
      pt3d_y: 3.1533332824707031e+01
      pt3d_z: 5.7433331298828125e+02
   -
      x: 8.0280004882812500e+02
      y: 5.0160000610351562e+02
      size: 3.7200000762939453e+01
      angle: 4.8960311889648438e+01
      response: 1.1049372551497072e-04
      octave: 1
      class_id: -1
      pt3d_x: 2.0533332824707031e+02
      pt3d_y: 2.3866666793823242e+01
      pt3d_z: 5.7066668701171875e+02
   -
      x: 918.
      y: 445.
      size: 31.
      angle: 2.3474929809570312e+02
      response: 9.8526994406711310e-05
      octave: 0
      class_id: -1
      pt3d_x: 2.5333332824707031e+02
      pt3d_y: 3.8133335113525391e+01
      pt3d_z: 5.2766668701171875e+02
   -
      x: 710.
      y: 759.
      size: 31.
      angle: 2.5711630249023438e+02
      response: 7.1075897722039372e-05
      octave: 0
      class_id: -1
      pt3d_x: 8.6666669845581055e+00
      pt3d_y: 4.2666667938232422e+01
      pt3d_z: 6.9933331298828125e+02
   -
      x: 9.0823699951171875e+02
      y: 5.7480206298828125e+02
      size: 7.7137939453125000e+01
      angle: 2.4685668945312500e+02
      response: 6.2716710090171546e-05
      octave: 5
      class_id: -1
      pt3d_x: 1.3866667175292969e+02
      pt3d_y: 3.8933334350585938e+01
      pt3d_z: 5.4833331298828125e+02
   -
      x: 743.
      y: 749.
      size: 31.
      angle: 2.5249807739257812e+02
      response: 6.2709310441277921e-05
      octave: 0
      class_id: -1
      pt3d_x: 1.5666666984558105e+01
      pt3d_y: 4.5799999237060547e+01
      pt3d_z: 6.7333331298828125e+02
   -
      x: 420.
      y: 713.
      size: 31.
      angle: 6.0716430664062500e+01
      response: 6.2298764532897621e-05
      octave: 0
      class_id: -1
      pt3d_x: 1.3233332824707031e+02
      pt3d_y: 42.
      pt3d_z: 9.0766668701171875e+02
   -
      x: 8.4563092041015625e+02
      y: 4.5506408691406250e+02
      size: 1.1107863616943359e+02
      angle: 2.0998541259765625e+02
      response: 6.1845232266932726e-05
      octave: 7
      class_id: -1
      pt3d_x: 2.4266667175292969e+02
      pt3d_y: 3.6133335113525391e+01
      pt3d_z: 5.6333331298828125e+02
   -
      x: 8.8146270751953125e+02
      y: 6.1272412109375000e+02
      size: 1.1107863616943359e+02
      angle: 2.7947387695312500e+01
      response: 5.9267127653583884e-05
      octave: 7
      class_id: -1
      pt3d_x: 8.3666664123535156e+01
      pt3d_y: 3.5466663360595703e+01
      pt3d_z: 5.6733331298828125e+02
   -
      x: 9.3104650878906250e+02
      y: 2.6749444580078125e+02
      size: 6.4281608581542969e+01
      angle: 2.1014997863769531e+02
      response: 5.7815297623164952e-05
      octave: 4
      class_id: -1
      pt3d_x: 3.4033334350585938e+02
      pt3d_y: 1.5066666603088379e+01
      pt3d_z: 4.4566665649414062e+02
   -
      x: 8.5349395751953125e+02
      y: 7.7137939453125000e+01
      size: 7.7137939453125000e+01
      angle: 1.7036993408203125e+02
      response: 5.7802230003289878e-05
      octave: 5
      class_id: -1
      pt3d_x: 5.1466668701171875e+02
      pt3d_y: 2.8533332824707031e+01
      pt3d_z: 4.9833334350585938e+02
   -
      x: 7.6680090332031250e+02
      y: 3.5831817626953125e+02
      size: 1.1107863616943359e+02
      angle: 6.2673263549804688e+01
      response: 5.7610694057075307e-05
      octave: 7
      class_id: -1
      pt3d_x: 3.1566665649414062e+02
      pt3d_y: 2.3666666030883789e+01
      pt3d_z: 5.7133331298828125e+02
   -
      x: 3.9066632080078125e+02
      y: 7.2161297607421875e+02
      size: 7.7137939453125000e+01
      angle: 5.8587898254394531e+01
      response: 5.7459383242530748e-05
      octave: 5
      class_id: -1
      pt3d_x: 1.2033333587646484e+02
      pt3d_y: 4.4533336639404297e+01
      pt3d_z: 9.3566668701171875e+02
   -
      x: 8.0024389648437500e+02
      y: 2.2394885253906250e+02
      size: 9.2565528869628906e+01
      angle: 1.3663047790527344e+02
      response: 5.7013476180145517e-05
      octave: 6
      class_id: -1
      pt3d_x: 3.9333334350585938e+02
      pt3d_y: 1.1466667175292969e+01
      pt3d_z: 5.1566668701171875e+02
   -
      x: 7.2658959960937500e+02
      y: 7.7137939453125000e+01
      size: 7.7137939453125000e+01
      angle: 8.0583305358886719e+01
      response: 5.3924901294521987e-05
      octave: 5
      class_id: -1
      pt3d_x: 5.1033334350585938e+02
      pt3d_y: 2.3933334350585938e+01
      pt3d_z: 5.5066668701171875e+02
