%YAML:1.0
---
features:
   -
      x: 192.
      y: 6.9120001220703125e+02
      size: 3.7200000762939453e+01
      angle: 2.6352404785156250e+02
      response: 1.5346453292295337e-03
      octave: 1
      class_id: -1
      pt3d_x: 4.0485391235351562e+02
      pt3d_y: 3.5256534576416016e+01
      pt3d_z: 6.0513745117187500e+02
   -
      x: 62.
      y: 700.
      size: 31.
      angle: 2.7431585693359375e+02
      response: 1.1815420584753156e-03
      octave: 0
      class_id: -1
      pt3d_x: 3.6913308715820312e+02
      pt3d_y: 4.7351490020751953e+01
      pt3d_z: 6.2488391113281250e+02
   -
      x: 3.2248635864257812e+02
      y: 6.7722137451171875e+02
      size: 1.1107863616943359e+02
      angle: 2.7507058715820312e+02
      response: 9.3130813911557198e-04
      octave: 7
      class_id: -1
      pt3d_x: 4.5011682128906250e+02
      pt3d_y: 3.8822483062744141e+01
      pt3d_z: 5.9377471923828125e+02
   -
      x: 415.
      y: 676.
      size: 31.
      angle: 2.5504403686523438e+02
      response: 7.2647939668968320e-04
      octave: 0
      class_id: -1
      pt3d_x: 4.8133328247070312e+02
      pt3d_y: 3.2278701782226562e+01
      pt3d_z: 5.8243762207031250e+02
   -
      x: 3.6130416870117188e+02
      y: 6.6288861083984375e+02
      size: 9.2565528869628906e+01
      angle: 2.6669677734375000e+02
      response: 5.8306631399318576e-04
      octave: 6
      class_id: -1
      pt3d_x: 4.6148764038085938e+02
      pt3d_y: 3.7325225830078125e+01
      pt3d_z: 5.8362634277343750e+02
   -
      x: 7.7760009765625000e+02
      y: 6.4281604003906250e+02
      size: 5.3568004608154297e+01
      angle: 2.7419210815429688e+02
      response: 5.5312516633421183e-04
      octave: 3
      class_id: -1
      pt3d_x: 6.1836962890625000e+02
      pt3d_y: 9.9127035140991211e+00
      pt3d_z: 5.2229663085937500e+02
   -
      x: 521.
      y: 658.
      size: 31.
      angle: 2.6703817749023438e+02
      response: 4.3365734745748341e-04
      octave: 0
      class_id: -1
      pt3d_x: 5.1674023437500000e+02
      pt3d_y: 1.7495527267456055e+01
      pt3d_z: 5.5511279296875000e+02
   -
      x: 5.7480004882812500e+02
      y: 6.4920001220703125e+02
      size: 3.7200000762939453e+01
      angle: 2.6778085327148438e+02
      response: 3.8595663500018418e-04
      octave: 1
      class_id: -1
      pt3d_x: 5.3645349121093750e+02
      pt3d_y: 9.9958648681640625e+00
      pt3d_z: 5.4054174804687500e+02
   -
      x: 2.3155201721191406e+02
      y: 6.8774407958984375e+02
      size: 5.3568004608154297e+01
      angle: 2.5858532714843750e+02
      response: 3.6248771357350051e-04
      octave: 3
      class_id: -1
      pt3d_x: 4.2109112548828125e+02
      pt3d_y: 4.1909996032714844e+01
      pt3d_z: 6.0584442138671875e+02
   -
      x: 463.
      y: 649.
      size: 31.
      angle: 2.4029536437988281e+02
      response: 2.7449845219962299e-04
      octave: 0
      class_id: -1
      pt3d_x: 4.9682440185546875e+02
      pt3d_y: 3.5656951904296875e+01
      pt3d_z: 5.6977447509765625e+02
   -
      x: 741.
      y: 636.
      size: 31.
      angle: 2.7034204101562500e+02
      response: 1.8475424440111965e-04
      octave: 0
      class_id: -1
      pt3d_x: 6.0390161132812500e+02
      pt3d_y: 9.6437549591064453e+00
      pt3d_z: 5.2136987304687500e+02
   -
      x: 683.
      y: 641.
      size: 31.
      angle: 2.5786639404296875e+02
      response: 1.6178212536033243e-04
      octave: 0
      class_id: -1
      pt3d_x: 5.7820117187500000e+02
      pt3d_y: 3.2764709472656250e+01
      pt3d_z: 5.4896673583984375e+02
   -
      x: 6.1440002441406250e+02
      y: 600.
      size: 3.7200000762939453e+01
      angle: 2.7218853759765625e+02
      response: 1.3726099859923124e-04
      octave: 1
      class_id: -1
      pt3d_x: 5.5040637207031250e+02
      pt3d_y: 5.4757523536682129e+00
      pt3d_z: 5.0644094848632812e+02
   -
      x: 8.0621594238281250e+02
      y: 6.3064001464843750e+02
      size: 1.1107863616943359e+02
      angle: 2.5842208862304688e+02
      response: 1.2565492943394929e-04
      octave: 7
      class_id: -1
      pt3d_x: 6.2849456787109375e+02
      pt3d_y: 1.8508844375610352e+01
      pt3d_z: 5.2172515869140625e+02
   -
      x: 87.
      y: 679.
      size: 31.
      angle: 8.9407073974609375e+01
      response: 1.2168971443315968e-04
      octave: 0
      class_id: -1
      pt3d_x: 3.7165231323242188e+02
      pt3d_y: 4.5390480041503906e+01
      pt3d_z: 6.1388183593750000e+02
   -
      x: 4.7298001098632812e+02
      y: 4.1923226928710938e+02
      size: 1.1107863616943359e+02
      angle: 2.7798507690429688e+02
      response: 1.1992851796094328e-04
      octave: 7
      class_id: -1
      pt3d_x: 4.6791098022460938e+02
      pt3d_y: 2.3519092559814453e+01
      pt3d_z: 4.0980422973632812e+02
   -
      x: 4.4789770507812500e+02
      y: 5.8823901367187500e+02
      size: 9.2565528869628906e+01
      angle: 2.9547332763671875e+02
      response: 1.0918032057816163e-04
      octave: 6
      class_id: -1
      pt3d_x: 4.8431863403320312e+02
      pt3d_y: 3.6442726135253906e+01
      pt3d_z: 5.4111651611328125e+02
   -
      x: 8.3129821777343750e+02
      y: 5.6614276123046875e+02
      size: 1.1107863616943359e+02
      angle: 2.4340295410156250e+02
      response: 1.0815099085448310e-04
      octave: 7
      class_id: -1
      pt3d_x: 6.4172393798828125e+02
      pt3d_y: 2.0164855957031250e+01
      pt3d_z: 4.8422106933593750e+02
   -
      x: 3.4836486816406250e+02
      y: 4.4540939331054688e+02
      size: 7.7137939453125000e+01
      angle: 2.5690896606445312e+02
      response: 1.0418264719191939e-04
      octave: 5
      class_id: -1
      pt3d_x: 4.1474151611328125e+02
      pt3d_y: 3.1231084823608398e+01
      pt3d_z: 4.5170932006835938e+02
   -
      x: 2.5798910522460938e+02
      y: 3.4756863403320312e+02
      size: 1.1107863616943359e+02
      angle: 3.0659063720703125e+02
      response: 1.0192536865361035e-04
      octave: 7
      class_id: -1
      pt3d_x: 3.2122354125976562e+02
      pt3d_y: 1.0156288146972656e+01
      pt3d_z: 3.4210186767578125e+02
