%YAML:1.0
---
features:
   -
      x: 9.2448010253906250e+02
      y: 7.1193609619140625e+02
      size: 5.3568004608154297e+01
      angle: 2.3748985290527344e+02
      response: 1.7746657249517739e-04
      octave: 3
      class_id: -1
      pt3d_x: 7.1676831054687500e+02
      pt3d_y: 2.8779869079589844e+01
      pt3d_z: 9.0238269042968750e+02
   -
      x: 4.7278091430664062e+02
      y: 6.9921807861328125e+02
      size: 7.7137939453125000e+01
      angle: 9.6333221435546875e+01
      response: 7.3503644671291113e-05
      octave: 5
      class_id: -1
      pt3d_x: 6.4286523437500000e+02
      pt3d_y: 1.8715461730957031e+01
      pt3d_z: 7.8277923583984375e+02
   -
      x: 8.5638049316406250e+02
      y: 6.2347363281250000e+02
      size: 1.1107863616943359e+02
      angle: 2.1397763061523438e+02
      response: 6.4827392634470016e-05
      octave: 7
      class_id: -1
      pt3d_x: 7.3259027099609375e+02
      pt3d_y: 2.9615985870361328e+01
      pt3d_z: 8.7379754638671875e+02
   -
      x: 2.6157226562500000e+02
      y: 4.3714819335937500e+02
      size: 1.1107863616943359e+02
      angle: 2.6551947021484375e+02
      response: 6.4340136304963380e-05
      octave: 7
      class_id: -1
      pt3d_x: 6.8092578125000000e+02
      pt3d_y: 2.0245401382446289e+01
      pt3d_z: 6.5272143554687500e+02
   -
      x: 8.1517382812500000e+02
      y: 5.1956134033203125e+02
      size: 9.2565528869628906e+01
      angle: 1.4745898437500000e+02
      response: 5.9015041188104078e-05
      octave: 6
      class_id: -1
      pt3d_x: 7.5623046875000000e+02
      pt3d_y: 3.8375301361083984e+01
      pt3d_z: 8.4701428222656250e+02
   -
      x: 6.6700805664062500e+02
      y: 6.1689605712890625e+02
      size: 5.3568004608154297e+01
      angle: 2.8513262939453125e+02
      response: 5.7848465075949207e-05
      octave: 3
      class_id: -1
      pt3d_x: 7.0268585205078125e+02
      pt3d_y: 2.3066061019897461e+01
      pt3d_z: 8.2078466796875000e+02
   -
      x: 4.8731274414062500e+02
      y: 3.0815362548828125e+02
      size: 1.1107863616943359e+02
      angle: 2.3904495239257812e+02
      response: 5.6993423640960827e-05
      octave: 7
      class_id: -1
      pt3d_x: 8.0081988525390625e+02
      pt3d_y: 7.2508430480957031e+00
      pt3d_z: 6.7592980957031250e+02
   -
      x: 8.3846453857421875e+02
      y: 3.2606954956054688e+02
      size: 1.1107863616943359e+02
      angle: 3.0691424560546875e+02
      response: 5.2451257943175733e-05
      octave: 7
      class_id: -1
      pt3d_x: 8.7257312011718750e+02
      pt3d_y: 1.6282402038574219e+01
      pt3d_z: 8.1385687255859375e+02
   -
      x: 951.
      y: 693.
      size: 31.
      angle: 2.4018719482421875e+02
      response: 4.7495479520875961e-05
      octave: 0
      class_id: -1
      pt3d_x: 7.2529779052734375e+02
      pt3d_y: 3.1988878250122070e+01
      pt3d_z: 9.0684039306640625e+02
   -
      x: 7.9128594970703125e+02
      y: 6.9872045898437500e+02
      size: 9.2565528869628906e+01
      angle: 2.8170687866210938e+02
      response: 3.8962763937888667e-05
      octave: 6
      class_id: -1
      pt3d_x: 6.9840106201171875e+02
      pt3d_y: 2.6145170211791992e+01
      pt3d_z: 8.6694897460937500e+02
   -
      x: 7.3096911621093750e+02
      y: 1.1466181945800781e+02
      size: 1.1107863616943359e+02
      angle: 3.6316535949707031e+01
      response: 3.7296802474884316e-05
      octave: 7
      class_id: -1
      pt3d_x: 1.0115814208984375e+03
      pt3d_y: 2.7529740333557129e+00
      pt3d_z: 6.9568328857421875e+02
   -
      x: 1.9110302734375000e+02
      y: 4.2400982666015625e+02
      size: 9.2565528869628906e+01
      angle: 2.6739318847656250e+02
      response: 3.6206503864377737e-05
      octave: 6
      class_id: -1
      pt3d_x: 6.6430676269531250e+02
      pt3d_y: 3.3269561767578125e+01
      pt3d_z: 6.3570239257812500e+02
   -
      x: 5.0457604980468750e+02
      y: 6.0480004882812500e+02
      size: 5.3568004608154297e+01
      angle: 1.9355967712402344e+02
      response: 3.3041593269445002e-05
      octave: 3
      class_id: -1
      pt3d_x: 6.7967883300781250e+02
      pt3d_y: 1.1929177284240723e+01
      pt3d_z: 7.6976989746093750e+02
   -
      x: 2.1140773010253906e+02
      y: 4.5148092651367188e+02
      size: 1.1107863616943359e+02
      angle: 1.9131620788574219e+02
      response: 3.2858410122571513e-05
      octave: 7
      class_id: -1
      pt3d_x: 6.6128973388671875e+02
      pt3d_y: 2.9033964157104492e+01
      pt3d_z: 6.4814916992187500e+02
   -
      x: 7.7396728515625000e+02
      y: 5.7689227294921875e+02
      size: 1.1107863616943359e+02
      angle: 3.3686532592773438e+02
      response: 3.2532167097087950e-05
      octave: 7
      class_id: -1
      pt3d_x: 7.3367883300781250e+02
      pt3d_y: 2.8694652557373047e+01
      pt3d_z: 8.4397692871093750e+02
   -
      x: 5.0803207397460938e+02
      y: 7.1746569824218750e+02
      size: 6.4281608581542969e+01
      angle: 2.2787954711914062e+02
      response: 3.2289532100548968e-05
      octave: 4
      class_id: -1
      pt3d_x: 6.4592315673828125e+02
      pt3d_y: 1.4869823455810547e+01
      pt3d_z: 7.9483721923828125e+02
   -
      x: 8.7787951660156250e+02
      y: 3.9414999389648438e+02
      size: 9.2565528869628906e+01
      angle: 2.9131054687500000e+02
      response: 3.2099571399157867e-05
      octave: 6
      class_id: -1
      pt3d_x: 8.4504406738281250e+02
      pt3d_y: 1.5973639488220215e+01
      pt3d_z: 8.4222485351562500e+02
   -
      x: 4.0808456420898438e+02
      y: 7.1165966796875000e+02
      size: 7.7137939453125000e+01
      angle: 3.2303991699218750e+02
      response: 2.8509692128864117e-05
      octave: 5
      class_id: -1
      pt3d_x: 6.2341082763671875e+02
      pt3d_y: 3.4898044586181641e+01
      pt3d_z: 7.7339147949218750e+02
   -
      x: 2.3290681457519531e+02
      y: 3.5473501586914062e+02
      size: 1.1107863616943359e+02
      angle: 1.1581535339355469e+02
      response: 2.7517124181031249e-05
      octave: 7
      class_id: -1
      pt3d_x: 7.0791448974609375e+02
      pt3d_y: 1.6888769149780273e+01
      pt3d_z: 6.0875811767578125e+02
   -
      x: 6.1461517333984375e+02
      y: 5.5738378906250000e+02
      size: 7.7137939453125000e+01
      angle: 9.3572906494140625e+01
      response: 2.6987550882040523e-05
      octave: 5
      class_id: -1
      pt3d_x: 7.1161962890625000e+02
      pt3d_y: 2.4004289627075195e+01
      pt3d_z: 7.9464135742187500e+02
