%YAML:1.0
---
features:
   -
      x: 620.
      y: 390.
      size: 31.
      angle: 2.3076925659179688e+02
      response: 9.8497932776808739e-04
      octave: 0
      class_id: -1
      pt3d_x: 9.5860247802734375e+02
      pt3d_y: -9.0511894226074219e+01
      pt3d_z: 1.2104564208984375e+03
   -
      x: 7.8336004638671875e+02
      y: 3.1248001098632812e+02
      size: 4.4640003204345703e+01
      angle: 2.2987316894531250e+02
      response: 8.0450542736798525e-04
      octave: 2
      class_id: -1
      pt3d_x: 8.5309552001953125e+02
      pt3d_y: -3.3397270202636719e+01
      pt3d_z: 1.3540567626953125e+03
   -
      x: 6.6873608398437500e+02
      y: 3.5942404174804688e+02
      size: 5.3568004608154297e+01
      angle: 2.1129890441894531e+02
      response: 5.3393590496852994e-04
      octave: 3
      class_id: -1
      pt3d_x: 9.3090576171875000e+02
      pt3d_y: -6.7812492370605469e+01
      pt3d_z: 1.2575605468750000e+03
   -
      x: 2.5747201538085938e+02
      y: 2.9894403076171875e+02
      size: 5.3568004608154297e+01
      angle: 3.0948553466796875e+02
      response: 5.1694712601602077e-04
      octave: 3
      class_id: -1
      pt3d_x: 1.3051595458984375e+03
      pt3d_y: -2.3145931243896484e+01
      pt3d_z: 1.0500311279296875e+03
   -
      x: 7.3455230712890625e+02
      y: 3.4040228271484375e+02
      size: 1.1107863616943359e+02
      angle: 2.5747552490234375e+02
      response: 4.5922960271127522e-04
      octave: 7
      class_id: -1
      pt3d_x: 8.8290045166015625e+02
      pt3d_y: -5.3899955749511719e+01
      pt3d_z: 1.3081582031250000e+03
   -
      x: 5.4643524169921875e+02
      y: 2.1499090576171875e+02
      size: 9.2565528869628906e+01
      angle: 8.6809104919433594e+01
      response: 2.6367185637354851e-04
      octave: 6
      class_id: -1
      pt3d_x: 1.0952918701171875e+03
      pt3d_y: 3.8362125396728516e+01
      pt3d_z: 1.2720690917968750e+03
   -
      x: 6.8976251220703125e+02
      y: 3.0158447265625000e+02
      size: 9.2565528869628906e+01
      angle: 3.1098449707031250e+02
      response: 2.6241454179398715e-04
      octave: 6
      class_id: -1
      pt3d_x: 9.3745172119140625e+02
      pt3d_y: -2.5342643737792969e+01
      pt3d_z: 1.3048223876953125e+03
   -
      x: 5.1597821044921875e+02
      y: 4.2639865112304688e+02
      size: 1.1107863616943359e+02
      angle: 2.7582690429687500e+02
      response: 2.5112909497693181e-04
      octave: 7
      class_id: -1
      pt3d_x: 9.6563500976562500e+02
      pt3d_y: 1.0613939285278320e+01
      pt3d_z: 1.0261838378906250e+03
   -
      x: 5.5240716552734375e+02
      y: 4.1803787231445312e+02
      size: 9.2565528869628906e+01
      angle: 2.6396850585937500e+02
      response: 2.4393505009356886e-04
      octave: 6
      class_id: -1
      pt3d_x: 9.4425250244140625e+02
      pt3d_y: 1.1920439720153809e+01
      pt3d_z: 1.0511889648437500e+03
   -
      x: 5.8764184570312500e+02
      y: 3.9773318481445312e+02
      size: 1.1107863616943359e+02
      angle: 2.4807723999023438e+02
      response: 2.2684638679493219e-04
      octave: 7
      class_id: -1
      pt3d_x: 9.2397552490234375e+02
      pt3d_y: 3.0967596054077148e+01
      pt3d_z: 1.0732449951171875e+03
descriptors: !!opencv-matrix
   rows: 10
   cols: 32
   dt: u
   data: [ 66, 186, 14, 154, 75, 133, 184, 198, 174, 21, 192, 133, 172,
       202, 102, 192, 239, 187, 235, 133, 6, 75, 154, 241, 156, 48, 154,
       187, 24, 4, 47, 158, 98, 186, 10, 154, 105, 145, 184, 194, 175,
       28, 144, 173, 172, 202, 38, 196, 207, 171, 239, 129, 6, 75, 202,
       241, 144, 48, 154, 187, 16, 4, 47, 143, 114, 184, 56, 218, 77,
       205, 144, 202, 143, 52, 160, 9, 174, 222, 102, 16, 201, 179, 219,
       1, 14, 107, 218, 241, 155, 208, 31, 59, 16, 12, 7, 206, 105, 48,
       57, 33, 41, 93, 81, 16, 105, 232, 182, 76, 158, 20, 2, 48, 132,
       148, 124, 8, 137, 98, 241, 0, 197, 185, 33, 48, 72, 0, 67, 115,
       72, 32, 81, 97, 108, 13, 96, 16, 108, 32, 242, 72, 223, 9, 80,
       210, 170, 196, 110, 8, 8, 240, 209, 64, 199, 249, 35, 16, 66, 128,
       67, 160, 170, 79, 231, 93, 114, 34, 239, 118, 21, 206, 126, 231,
       105, 39, 181, 85, 126, 238, 23, 238, 224, 158, 36, 238, 102, 42,
       224, 128, 119, 253, 116, 249, 126, 21, 236, 175, 154, 98, 31, 173,
       48, 198, 203, 167, 121, 110, 11, 83, 127, 247, 181, 163, 125, 208,
       93, 46, 248, 39, 237, 128, 173, 246, 166, 90, 9, 34, 76, 65, 48,
       11, 106, 16, 54, 160, 118, 196, 211, 1, 146, 144, 62, 140, 110,
       44, 41, 240, 69, 30, 102, 175, 33, 128, 111, 136, 72, 144, 1, 34,
       204, 69, 80, 10, 105, 24, 118, 160, 102, 228, 211, 35, 128, 84,
       126, 204, 110, 172, 168, 240, 205, 28, 68, 170, 227, 0, 109, 160,
       66, 160, 112, 32, 222, 29, 90, 11, 32, 72, 118, 160, 226, 64, 211,
       227, 0, 214, 81, 108, 106, 40, 1, 209, 203, 28, 12, 162, 69, 16,
       104, 32, 74, 128 ]
