%YAML:1.0
---
features:
   -
      x: 372.
      y: 742.
      size: 31.
      angle: 2.7407601928710938e+02
      response: 1.4411350712180138e-03
      octave: 0
      class_id: -1
      pt3d_x: 5.9595056152343750e+02
      pt3d_y: 1.5077256202697754e+01
      pt3d_z: 8.0760528564453125e+02
   -
      x: 533.
      y: 764.
      size: 31.
      angle: 3.1391983032226562e+02
      response: 9.3042285880073905e-04
      octave: 0
      class_id: -1
      pt3d_x: 6.3652636718750000e+02
      pt3d_y: 2.6764200210571289e+01
      pt3d_z: 7.7681420898437500e+02
   -
      x: 960.
      y: 763.
      size: 31.
      angle: 2.4553173828125000e+02
      response: 8.5916015086695552e-04
      octave: 0
      class_id: -1
      pt3d_x: 7.0317370605468750e+02
      pt3d_y: 1.4736772537231445e+01
      pt3d_z: 6.6673785400390625e+02
   -
      x: 273.
      y: 718.
      size: 31.
      angle: 2.9456179809570312e+02
      response: 7.9240807099267840e-04
      octave: 0
      class_id: -1
      pt3d_x: 5.7791778564453125e+02
      pt3d_y: 2.4647253036499023e+01
      pt3d_z: 8.3066937255859375e+02
   -
      x: 7.3728002929687500e+02
      y: 6.1776000976562500e+02
      size: 4.4640003204345703e+01
      angle: 2.5920840454101562e+02
      response: 3.1332237995229661e-04
      octave: 2
      class_id: -1
      pt3d_x: 6.3313714599609375e+02
      pt3d_y: 3.0597007751464844e+01
      pt3d_z: 6.9136651611328125e+02
   -
      x: 859.
      y: 587.
      size: 31.
      angle: 2.4809976196289062e+02
      response: 2.7728272834792733e-04
      octave: 0
      class_id: -1
      pt3d_x: 6.5000262451171875e+02
      pt3d_y: 3.5830051422119141e+01
      pt3d_z: 6.5276452636718750e+02
   -
      x: 585.
      y: 648.
      size: 31.
      angle: 2.5260165405273438e+02
      response: 1.8290024308953434e-04
      octave: 0
      class_id: -1
      pt3d_x: 6.1194097900390625e+02
      pt3d_y: 2.6286695480346680e+01
      pt3d_z: 7.3771960449218750e+02
   -
      x: 715.
      y: 736.
      size: 31.
      angle: 2.4565075683593750e+02
      response: 1.5311538300011307e-04
      octave: 0
      class_id: -1
      pt3d_x: 6.5584558105468750e+02
      pt3d_y: 1.8125860214233398e+01
      pt3d_z: 7.2217687988281250e+02
   -
      x: 6.6769927978515625e+02
      y: 6.0963848876953125e+02
      size: 6.4281608581542969e+01
      angle: 2.5076232910156250e+02
      response: 1.5249567513819784e-04
      octave: 4
      class_id: -1
      pt3d_x: 6.1845068359375000e+02
      pt3d_y: 3.2202598571777344e+01
      pt3d_z: 7.0886260986328125e+02
   -
      x: 444.
      y: 766.
      size: 31.
      angle: 2.8428588867187500e+02
      response: 1.4232344983611256e-04
      octave: 0
      class_id: -1
      pt3d_x: 6.1784466552734375e+02
      pt3d_y: 1.8905662536621094e+01
      pt3d_z: 7.9531036376953125e+02
descriptors: !!opencv-matrix
   rows: 10
   cols: 32
   dt: u
   data: [ 35, 28, 19, 186, 127, 135, 186, 72, 158, 8, 216, 35, 252, 222,
       32, 68, 253, 57, 147, 161, 35, 179, 10, 255, 53, 22, 139, 138, 21,
       10, 49, 147, 57, 7, 98, 9, 85, 27, 226, 88, 71, 108, 254, 199, 67,
       200, 150, 196, 120, 140, 134, 173, 140, 178, 101, 222, 54, 108,
       129, 128, 127, 142, 122, 212, 105, 48, 24, 224, 36, 29, 80, 16,
       105, 40, 52, 12, 159, 27, 2, 16, 134, 144, 76, 8, 12, 32, 80, 0,
       195, 217, 33, 49, 106, 128, 74, 3, 17, 2, 70, 13, 20, 27, 98, 16,
       117, 96, 242, 230, 195, 0, 150, 80, 120, 140, 14, 172, 173, 176,
       101, 14, 166, 174, 162, 0, 125, 136, 112, 4, 25, 29, 27, 235, 48,
       239, 115, 82, 44, 73, 127, 96, 191, 23, 128, 48, 182, 57, 85, 24,
       147, 152, 32, 31, 211, 253, 34, 192, 128, 131, 35, 177, 178, 73,
       71, 229, 13, 78, 206, 100, 205, 168, 242, 2, 106, 25, 53, 197,
       232, 229, 31, 227, 72, 187, 81, 236, 179, 248, 142, 19, 71, 186,
       112, 42, 44, 48, 91, 120, 105, 205, 113, 80, 187, 77, 117, 45,
       159, 215, 226, 24, 150, 185, 198, 16, 3, 18, 242, 16, 215, 209,
       32, 235, 122, 128, 6, 243, 57, 15, 91, 252, 52, 142, 71, 119, 85,
       136, 122, 66, 115, 249, 164, 224, 216, 170, 6, 40, 56, 184, 64,
       143, 162, 254, 32, 0, 112, 138, 232, 169, 187, 4, 99, 199, 149,
       118, 111, 113, 85, 226, 223, 18, 91, 57, 190, 229, 121, 142, 23,
       170, 185, 182, 125, 142, 115, 239, 210, 0, 39, 239, 240, 38, 3,
       34, 122, 201, 108, 13, 249, 80, 109, 12, 242, 238, 156, 138, 150,
       96, 238, 141, 95, 133, 132, 131, 227, 192, 212, 184, 170, 152, 85,
       136, 97, 129 ]
