%YAML:1.0
---
features:
   -
      x: 551.
      y: 748.
      size: 31.
      angle: 2.4717028808593750e+02
      response: 1.7104411963373423e-03
      octave: 0
      class_id: -1
      pt3d_x: 4.2030004882812500e+02
      pt3d_y: 3.9973541259765625e+01
      pt3d_z: 6.9449468994140625e+02
   -
      x: 7.4880004882812500e+02
      y: 6.9840002441406250e+02
      size: 3.7200000762939453e+01
      angle: 2.8276089477539062e+02
      response: 7.1112992009148002e-04
      octave: 1
      class_id: -1
      pt3d_x: 4.7350817871093750e+02
      pt3d_y: 4.3588806152343750e+01
      pt3d_z: 7.3314984130859375e+02
   -
      x: 60.
      y: 677.
      size: 31.
      angle: 2.9389508056640625e+02
      response: 5.7557842228561640e-04
      octave: 0
      class_id: -1
      pt3d_x: 3.4158526611328125e+02
      pt3d_y: 2.1615829467773438e+01
      pt3d_z: 5.3535607910156250e+02
   -
      x: 918.
      y: 660.
      size: 31.
      angle: 2.3536952209472656e+02
      response: 5.2076205611228943e-04
      octave: 0
      class_id: -1
      pt3d_x: 5.2237005615234375e+02
      pt3d_y: 4.5068435668945312e+01
      pt3d_z: 7.6943304443359375e+02
   -
      x: 8.4395532226562500e+02
      y: 6.7599371337890625e+02
      size: 6.4281608581542969e+01
      angle: 2.4503230285644531e+02
      response: 5.1678385352715850e-04
      octave: 4
      class_id: -1
      pt3d_x: 4.9972848510742188e+02
      pt3d_y: 4.5903167724609375e+01
      pt3d_z: 7.5309820556640625e+02
   -
      x: 518.
      y: 743.
      size: 31.
      angle: 2.7724865722656250e+02
      response: 4.0820121648721397e-04
      octave: 0
      class_id: -1
      pt3d_x: 4.1314294433593750e+02
      pt3d_y: 4.3515914916992188e+01
      pt3d_z: 6.8709753417968750e+02
   -
      x: 793.
      y: 701.
      size: 31.
      angle: 2.6629159545898438e+02
      response: 2.5323970476165414e-04
      octave: 0
      class_id: -1
      pt3d_x: 4.7983312988281250e+02
      pt3d_y: 4.5872287750244141e+01
      pt3d_z: 7.4523199462890625e+02
   -
      x: 31.
      y: 658.
      size: 31.
      angle: 2.9213623046875000e+02
      response: 2.3870320001151413e-04
      octave: 0
      class_id: -1
      pt3d_x: 3.3831103515625000e+02
      pt3d_y: 2.5585519790649414e+01
      pt3d_z: 5.2336254882812500e+02
   -
      x: 4.2854403686523438e+02
      y: 7.2576007080078125e+02
      size: 5.3568004608154297e+01
      angle: 2.8197366333007812e+02
      response: 2.1593706333078444e-04
      octave: 3
      class_id: -1
      pt3d_x: 3.9756256103515625e+02
      pt3d_y: 4.8538349151611328e+01
      pt3d_z: 6.6416943359375000e+02
   -
      x: 571.
      y: 658.
      size: 31.
      angle: 2.7493371582031250e+02
      response: 1.6802933532744646e-04
      octave: 0
      class_id: -1
      pt3d_x: 4.6060668945312500e+02
      pt3d_y: 2.8499164581298828e+01
      pt3d_z: 6.7290686035156250e+02
descriptors: !!opencv-matrix
   rows: 10
   cols: 32
   dt: u
   data: [ 104, 48, 24, 96, 41, 77, 80, 16, 41, 168, 164, 8, 159, 19, 64,
       146, 128, 212, 236, 8, 8, 98, 208, 0, 195, 217, 37, 49, 66, 128,
       78, 35, 65, 48, 121, 225, 98, 12, 120, 16, 109, 72, 114, 96, 159,
       19, 128, 112, 166, 149, 94, 8, 129, 16, 161, 64, 198, 248, 42,
       128, 76, 128, 3, 161, 73, 48, 57, 96, 37, 13, 81, 16, 105, 8, 54,
       76, 159, 19, 0, 48, 132, 148, 76, 8, 137, 32, 240, 0, 195, 249,
       32, 16, 74, 0, 66, 35, 56, 32, 80, 96, 37, 77, 80, 80, 105, 40,
       176, 9, 143, 27, 4, 148, 202, 129, 221, 0, 12, 98, 80, 192, 211,
       217, 0, 51, 98, 140, 74, 2, 3, 2, 111, 141, 62, 147, 169, 88, 94,
       112, 86, 230, 213, 224, 180, 228, 126, 108, 62, 173, 165, 144,
       109, 221, 36, 42, 235, 132, 28, 136, 49, 229, 75, 34, 110, 5, 34,
       26, 104, 16, 108, 228, 214, 167, 221, 170, 214, 118, 38, 205, 255,
       141, 132, 208, 229, 192, 214, 107, 171, 129, 47, 132, 41, 84, 64,
       50, 121, 224, 100, 13, 121, 16, 109, 44, 182, 40, 159, 27, 132,
       116, 174, 149, 94, 8, 136, 34, 241, 192, 215, 248, 34, 50, 68,
       136, 71, 33, 105, 48, 57, 96, 33, 13, 81, 16, 105, 8, 180, 8, 159,
       19, 0, 48, 134, 149, 76, 8, 9, 32, 240, 0, 195, 249, 32, 16, 66,
       128, 66, 35, 48, 22, 227, 77, 116, 10, 71, 120, 117, 174, 250,
       239, 67, 40, 148, 80, 92, 204, 102, 32, 172, 242, 109, 14, 60,
       174, 165, 16, 97, 234, 118, 193, 134, 141, 16, 190, 237, 233, 182,
       239, 159, 31, 153, 9, 174, 250, 100, 64, 203, 123, 235, 67, 86,
       41, 202, 243, 181, 212, 15, 59, 16, 91, 133, 143 ]
