%YAML:1.0
---
features:
   -
      x: 522.
      y: 646.
      size: 31.
      angle: 2.7904037475585938e+02
      response: 2.2652861662209034e-03
      octave: 0
      class_id: -1
      pt3d_x: 4.3406600952148438e+02
      pt3d_y: 3.7801071166992188e+01
      pt3d_z: 6.5512255859375000e+02
   -
      x: 695.
      y: 653.
      size: 31.
      angle: 2.5935192871093750e+02
      response: 1.9897241145372391e-03
      octave: 0
      class_id: -1
      pt3d_x: 4.8063333129882812e+02
      pt3d_y: 2.6004032135009766e+01
      pt3d_z: 6.0523181152343750e+02
   -
      x: 615.
      y: 656.
      size: 31.
      angle: 2.7971307373046875e+02
      response: 1.1506834998726845e-03
      octave: 0
      class_id: -1
      pt3d_x: 4.5846743774414062e+02
      pt3d_y: 2.7586530685424805e+01
      pt3d_z: 6.2799353027343750e+02
   -
      x: 3.7981729125976562e+02
      y: 5.9122503662109375e+02
      size: 1.1107863616943359e+02
      angle: 2.8084225463867188e+02
      response: 1.0783108882606030e-03
      octave: 7
      class_id: -1
      pt3d_x: 3.8033132934570312e+02
      pt3d_y: 4.9034645080566406e+01
      pt3d_z: 6.7674096679687500e+02
   -
      x: 8.0870410156250000e+02
      y: 6.2622729492187500e+02
      size: 6.4281608581542969e+01
      angle: 2.6620861816406250e+02
      response: 1.0148866567760706e-03
      octave: 4
      class_id: -1
      pt3d_x: 5.0928628540039062e+02
      pt3d_y: 3.0036151885986328e+01
      pt3d_z: 5.6725970458984375e+02
   -
      x: 218.
      y: 545.
      size: 31.
      angle: 2.8137231445312500e+02
      response: 9.2800124548375607e-04
      octave: 0
      class_id: -1
      pt3d_x: 3.0813973999023438e+02
      pt3d_y: 4.8232662200927734e+01
      pt3d_z: 6.9920935058593750e+02
   -
      x: 420.
      y: 612.
      size: 31.
      angle: 3.0095977783203125e+02
      response: 8.3135999739170074e-04
      octave: 0
      class_id: -1
      pt3d_x: 3.9976968383789062e+02
      pt3d_y: 4.7899421691894531e+01
      pt3d_z: 6.7414703369140625e+02
   -
      x: 645.
      y: 665.
      size: 31.
      angle: 2.7401403808593750e+02
      response: 7.9625070793554187e-04
      octave: 0
      class_id: -1
      pt3d_x: 4.6850894165039062e+02
      pt3d_y: 2.4680597305297852e+01
      pt3d_z: 6.2197021484375000e+02
   -
      x: 103.
      y: 497.
      size: 31.
      angle: 3.1165213012695312e+02
      response: 6.2429258832708001e-04
      octave: 0
      class_id: -1
      pt3d_x: 2.2528295898437500e+02
      pt3d_y: 3.7323574066162109e+01
      pt3d_z: 7.0494445800781250e+02
   -
      x: 893.
      y: 610.
      size: 31.
      angle: 2.5993325805664062e+02
      response: 5.9341278392821550e-04
      octave: 0
      class_id: -1
      pt3d_x: 5.2814599609375000e+02
      pt3d_y: 1.5935096740722656e+01
      pt3d_z: 5.1918347167968750e+02
   -
      x: 8.4000006103515625e+02
      y: 6.0720001220703125e+02
      size: 3.7200000762939453e+01
      angle: 2.5640823364257812e+02
      response: 5.2035733824595809e-04
      octave: 1
      class_id: -1
      pt3d_x: 5.1340148925781250e+02
      pt3d_y: 2.6488088607788086e+01
      pt3d_z: 5.4433673095703125e+02
   -
      x: 941.
      y: 577.
      size: 31.
      angle: 2.2833630371093750e+02
      response: 4.6230031875893474e-04
      octave: 0
      class_id: -1
      pt3d_x: 5.3764862060546875e+02
      pt3d_y: 2.0695005416870117e+01
      pt3d_z: 4.9062783813476562e+02
   -
      x: 295.
      y: 583.
      size: 31.
      angle: 2.9167156982421875e+02
      response: 4.5815421617589891e-04
      octave: 0
      class_id: -1
      pt3d_x: 3.4967056274414062e+02
      pt3d_y: 4.6873714447021484e+01
      pt3d_z: 6.9312738037109375e+02
   -
      x: 742.
      y: 641.
      size: 31.
      angle: 2.3962774658203125e+02
      response: 4.1386150405742228e-04
      octave: 0
      class_id: -1
      pt3d_x: 4.9300512695312500e+02
      pt3d_y: 2.9649366378784180e+01
      pt3d_z: 5.9124969482421875e+02
   -
      x: 1.3974409484863281e+02
      y: 5.0522863769531250e+02
      size: 1.1107863616943359e+02
      angle: 3.1083160400390625e+02
      response: 3.9079372072592378e-04
      octave: 7
      class_id: -1
      pt3d_x: 2.5742257690429688e+02
      pt3d_y: 4.7518962860107422e+01
      pt3d_z: 7.0423754882812500e+02
   -
      x: 7.7755047607421875e+02
      y: 6.1630725097656250e+02
      size: 1.1107863616943359e+02
      angle: 2.5604568481445312e+02
      response: 3.2108931918628514e-04
      octave: 7
      class_id: -1
      pt3d_x: 4.9926046752929688e+02
      pt3d_y: 3.5279441833496094e+01
      pt3d_z: 5.7563146972656250e+02
   -
      x: 5.5180999755859375e+02
      y: 6.6647180175781250e+02
      size: 1.1107863616943359e+02
      angle: 2.7678894042968750e+02
      response: 1.6633720952086151e-04
      octave: 7
      class_id: -1
      pt3d_x: 4.4643789672851562e+02
      pt3d_y: 3.4039897918701172e+01
      pt3d_z: 6.5319555664062500e+02
   -
      x: 625.
      y: 574.
      size: 31.
      angle: 2.6861682128906250e+02
      response: 1.6454485012218356e-04
      octave: 0
      class_id: -1
      pt3d_x: 4.4265994262695312e+02
      pt3d_y: 4.0878108978271484e+01
      pt3d_z: 5.9881494140625000e+02
   -
      x: 4.9019915771484375e+02
      y: 6.3701007080078125e+02
      size: 7.7137939453125000e+01
      angle: 2.8531762695312500e+02
      response: 1.6188310110010207e-04
      octave: 5
      class_id: -1
      pt3d_x: 4.2399670410156250e+02
      pt3d_y: 4.1092632293701172e+01
      pt3d_z: 6.6184820556640625e+02
   -
      x: 704.
      y: 547.
      size: 31.
      angle: 2.6466625976562500e+02
      response: 1.6168094589374959e-04
      octave: 0
      class_id: -1
      pt3d_x: 4.5976889038085938e+02
      pt3d_y: 4.2985767364501953e+01
      pt3d_z: 5.6513983154296875e+02
