%YAML:1.0
---
features:
   -
      x: 5.1840003967285156e+01
      y: 6.3360003662109375e+02
      size: 4.4640003204345703e+01
      angle: 2.7124731445312500e+02
      response: 1.6220561228692532e-03
      octave: 2
      class_id: -1
      pt3d_x: 4.3621798706054688e+02
      pt3d_y: 4.0713478088378906e+01
      pt3d_z: 6.0371740722656250e+02
   -
      x: 1.7557591247558594e+02
      y: 6.2347363281250000e+02
      size: 1.1107863616943359e+02
      angle: 2.7840045166015625e+02
      response: 1.0272572981193662e-03
      octave: 7
      class_id: -1
      pt3d_x: 4.7642041015625000e+02
      pt3d_y: 3.2868667602539062e+01
      pt3d_z: 5.8635455322265625e+02
   -
      x: 265.
      y: 626.
      size: 31.
      angle: 2.5660415649414062e+02
      response: 1.0096254991367459e-03
      octave: 0
      class_id: -1
      pt3d_x: 5.1121572875976562e+02
      pt3d_y: 3.0374679565429688e+01
      pt3d_z: 5.8233544921875000e+02
   -
      x: 6.0120001220703125e+02
      y: 6.0720001220703125e+02
      size: 3.7200000762939453e+01
      angle: 2.6839941406250000e+02
      response: 8.7015790631994605e-04
      octave: 1
      class_id: -1
      pt3d_x: 6.4479077148437500e+02
      pt3d_y: 1.7563222885131836e+01
      pt3d_z: 5.4541583251953125e+02
   -
      x: 213.
      y: 614.
      size: 31.
      angle: 2.6530975341796875e+02
      response: 6.2711199279874563e-04
      octave: 0
      class_id: -1
      pt3d_x: 4.9054266357421875e+02
      pt3d_y: 3.4674358367919922e+01
      pt3d_z: 5.8194647216796875e+02
   -
      x: 366.
      y: 612.
      size: 31.
      angle: 2.6775921630859375e+02
      response: 4.2650237446650863e-04
      octave: 0
      class_id: -1
      pt3d_x: 5.4230133056640625e+02
      pt3d_y: 6.0701465606689453e+00
      pt3d_z: 5.4486163330078125e+02
   -
      x: 417.
      y: 605.
      size: 31.
      angle: 2.6959521484375000e+02
      response: 3.5195169039070606e-04
      octave: 0
      class_id: -1
      pt3d_x: 5.6851104736328125e+02
      pt3d_y: 2.6625165939331055e+01
      pt3d_z: 5.6093023681640625e+02
   -
      x: 310.
      y: 603.
      size: 31.
      angle: 2.3829278564453125e+02
      response: 3.3157545840367675e-04
      octave: 0
      class_id: -1
      pt3d_x: 5.2017742919921875e+02
      pt3d_y: 1.6328880310058594e+01
      pt3d_z: 5.5243682861328125e+02
   -
      x: 4.5273605346679688e+02
      y: 5.7369604492187500e+02
      size: 5.3568004608154297e+01
      angle: 2.6288372802734375e+02
      response: 2.4560253950767219e-04
      octave: 3
      class_id: -1
      pt3d_x: 5.8115637207031250e+02
      pt3d_y: 3.1403377532958984e+01
      pt3d_z: 5.4525372314453125e+02
   -
      x: 90.
      y: 6.3240002441406250e+02
      size: 3.7200000762939453e+01
      angle: 2.5427163696289062e+02
      response: 2.3976698867045343e-04
      octave: 1
      class_id: -1
      pt3d_x: 4.4913540649414062e+02
      pt3d_y: 3.8481437683105469e+01
      pt3d_z: 5.9969567871093750e+02
   -
      x: 568.
      y: 598.
      size: 31.
      angle: 2.7752331542968750e+02
      response: 2.0311448315624148e-04
      octave: 0
      class_id: -1
      pt3d_x: 6.3066870117187500e+02
      pt3d_y: 1.1534812927246094e+01
      pt3d_z: 5.3417346191406250e+02
   -
      x: 6.4138952636718750e+02
      y: 5.4464361572265625e+02
      size: 1.1107863616943359e+02
      angle: 2.3035702514648438e+02
      response: 1.6742812294978648e-04
      octave: 7
      class_id: -1
      pt3d_x: 6.6185784912109375e+02
      pt3d_y: 3.0418611526489258e+01
      pt3d_z: 5.1736071777343750e+02
   -
      x: 504.
      y: 602.
      size: 31.
      angle: 2.8755810546875000e+02
      response: 1.6052652790676802e-04
      octave: 0
      class_id: -1
      pt3d_x: 6.0428100585937500e+02
      pt3d_y: 2.7621578216552734e+01
      pt3d_z: 5.5709033203125000e+02
   -
      x: 1.6080000305175781e+02
      y: 5.3040002441406250e+02
      size: 3.7200000762939453e+01
      angle: 3.1179992675781250e+02
      response: 1.4274066779762506e-04
      octave: 1
      class_id: -1
      pt3d_x: 4.3196850585937500e+02
      pt3d_y: 1.0369009971618652e+01
      pt3d_z: 5.0137796020507812e+02
   -
      x: 53.
      y: 523.
      size: 31.
      angle: 2.8953549194335938e+02
      response: 1.3684445002581924e-04
      octave: 0
      class_id: -1
      pt3d_x: 3.8313766479492188e+02
      pt3d_y: 1.6872016906738281e+01
      pt3d_z: 5.0863092041015625e+02
   -
      x: 1.4631326293945312e+02
      y: 6.1212689208984375e+02
      size: 9.2565528869628906e+01
      angle: 2.7015805053710938e+02
      response: 1.3616991054732352e-04
      octave: 6
      class_id: -1
      pt3d_x: 4.6456759643554688e+02
      pt3d_y: 3.6209434509277344e+01
      pt3d_z: 5.8475274658203125e+02
   -
      x: 6.4497271728515625e+02
      y: 2.7232180786132812e+02
      size: 1.1107863616943359e+02
      angle: 2.7117742919921875e+02
      response: 1.3283267617225647e-04
      octave: 7
      class_id: -1
      pt3d_x: 6.7965966796875000e+02
      pt3d_y: 1.0149474143981934e+01
      pt3d_z: 1.5336437988281250e+02
   -
      x: 878.
      y: 508.
      size: 31.
      angle: 2.7166400146484375e+02
      response: 1.2900699221063405e-04
      octave: 0
      class_id: -1
      pt3d_x: 7.6922271728515625e+02
      pt3d_y: 3.7778938293457031e+01
      pt3d_z: 4.9118438720703125e+02
   -
      x: 659.
      y: 594.
      size: 31.
      angle: 2.6637023925781250e+02
      response: 1.2734177289530635e-04
      octave: 0
      class_id: -1
      pt3d_x: 6.6788238525390625e+02
      pt3d_y: 3.1247203826904297e+01
      pt3d_z: 5.5072930908203125e+02
   -
      x: 403.
      y: 517.
      size: 31.
      angle: 2.0642468261718750e+02
      response: 1.1858249490614980e-04
      octave: 0
      class_id: -1
      pt3d_x: 5.4922283935546875e+02
      pt3d_y: 1.5654767990112305e+01
      pt3d_z: 4.8770379638671875e+02
