%YAML:1.0
---
features:
   -
      x: 486.
      y: 603.
      size: 31.
      angle: 2.5228840637207031e+02
      response: 1.5046565094962716e-03
      octave: 0
      class_id: -1
      pt3d_x: 3.3333334326744080e-01
      pt3d_y: 3.6133335113525391e+01
      pt3d_z: 6.6666668653488159e-01
   -
      x: 720.
      y: 544.
      size: 31.
      angle: 2.7688861083984375e+02
      response: 5.6598061928525567e-04
      octave: 0
      class_id: -1
      pt3d_x: 1.0753333740234375e+03
      pt3d_y: 1.0400000572204590e+01
      pt3d_z: 3.7966665649414062e+02
   -
      x: 8.3846453857421875e+02
      y: 5.1239501953125000e+02
      size: 1.1107863616943359e+02
      angle: 2.4847074890136719e+02
      response: 4.0744783473201096e-04
      octave: 7
      class_id: -1
      pt3d_x: 1.0503333740234375e+03
      pt3d_y: 3.0800001144409180e+01
      pt3d_z: 5.2466668701171875e+02
   -
      x: 925.
      y: 498.
      size: 31.
      angle: 2.3634640502929688e+02
      response: 3.6818897933699191e-04
      octave: 0
      class_id: -1
      pt3d_x: 1.0736666259765625e+03
      pt3d_y: 1.8400001525878906e+01
      pt3d_z: 5.6233331298828125e+02
   -
      x: 4.5446405029296875e+02
      y: 5.9443206787109375e+02
      size: 5.3568004608154297e+01
      angle: 2.7467645263671875e+02
      response: 3.4936680458486080e-04
      octave: 3
      class_id: -1
      pt3d_x: 1.0406666259765625e+03
      pt3d_y: 2.9333333969116211e+01
      pt3d_z: 1.9633332824707031e+02
   -
      x: 8.1338226318359375e+02
      y: 5.3389410400390625e+02
      size: 1.1107863616943359e+02
      angle: 2.4330364990234375e+02
      response: 2.7832461637444794e-04
      octave: 7
      class_id: -1
      pt3d_x: 1.0666666259765625e+03
      pt3d_y: 3.3066665649414062e+01
      pt3d_z: 4.9333334350585938e+02
   -
      x: 5.2012805175781250e+02
      y: 4.7865603637695312e+02
      size: 5.3568004608154297e+01
      angle: 2.7411022949218750e+02
      response: 1.9853688718285412e-04
      octave: 3
      class_id: -1
      pt3d_x: 8.7333331298828125e+02
      pt3d_y: 2.7266668319702148e+01
      pt3d_z: 3.6466665649414062e+02
   -
      x: 776.
      y: 546.
      size: 31.
      angle: 2.6097998046875000e+02
      response: 1.7176153778564185e-04
      octave: 0
      class_id: -1
      pt3d_x: 1.0673333740234375e+03
      pt3d_y: 3.0666666030883789e+01
      pt3d_z: 4.6466665649414062e+02
   -
      x: 401.
      y: 498.
      size: 31.
      angle: 2.9554992675781250e+02
      response: 1.2915262777823955e-04
      octave: 0
      class_id: -1
      pt3d_x: 8.5366668701171875e+02
      pt3d_y: 2.7333333969116211e+01
      pt3d_z: 2.8433334350585938e+02
   -
      x: 357.
      y: 614.
      size: 31.
      angle: 2.6148468017578125e+02
      response: 1.0707920591812581e-04
      octave: 0
      class_id: -1
      pt3d_x: 1.0703333740234375e+03
      pt3d_y: 6.9333338737487793e+00
      pt3d_z: 5.4666667938232422e+01
   -
      x: 3.8304000854492188e+02
      y: 5.6016003417968750e+02
      size: 4.4640003204345703e+01
      angle: 3.0354583740234375e+02
      response: 9.5114803116302937e-05
      octave: 2
      class_id: -1
      pt3d_x: 9.3466668701171875e+02
      pt3d_y: 2.6066665649414062e+01
      pt3d_z: 2.0333332824707031e+02
   -
      x: 435.
      y: 518.
      size: 31.
      angle: 2.6103735351562500e+02
      response: 9.2530463007278740e-05
      octave: 0
      class_id: -1
      pt3d_x: 8.9333331298828125e+02
      pt3d_y: 2.5466667175292969e+01
      pt3d_z: 2.7166665649414062e+02
   -
      x: 3.7152001953125000e+02
      y: 3.9456002807617188e+02
      size: 4.4640003204345703e+01
      angle: 3.0190782546997070e+01
      response: 9.0074405306950212e-05
      octave: 2
      class_id: -1
      pt3d_x: 7.2166668701171875e+02
      pt3d_y: 2.4133333206176758e+01
      pt3d_z: 3.6933334350585938e+02
   -
      x: 3.5856002807617188e+02
      y: 5.3424005126953125e+02
      size: 4.4640003204345703e+01
      angle: 3.0635443115234375e+02
      response: 8.9609107817523181e-05
      octave: 2
      class_id: -1
      pt3d_x: 8.9233331298828125e+02
      pt3d_y: 2.2800001144409180e+01
      pt3d_z: 2.0666667175292969e+02
   -
      x: 3.3240002441406250e+02
      y: 516.
      size: 3.7200000762939453e+01
      angle: 3.2567373657226562e+02
      response: 8.7766289652790874e-05
      octave: 1
      class_id: -1
      pt3d_x: 8.5266668701171875e+02
      pt3d_y: 2.4066665649414062e+01
      pt3d_z: 2.1633332824707031e+02
   -
      x: 8.5996362304687500e+02
      y: 1.5766000366210938e+02
      size: 1.1107863616943359e+02
      angle: 2.7977981567382812e+02
      response: 8.7352811533492059e-05
      octave: 7
      class_id: -1
      pt3d_x: 7.0666668701171875e+02
      pt3d_y: 3.2066665649414062e+01
      pt3d_z: 6.4333331298828125e+02
   -
      x: 2.5798910522460938e+02
      y: 4.1923226928710938e+02
      size: 1.1107863616943359e+02
      angle: 2.9949075317382812e+02
      response: 8.5479150584433228e-05
      octave: 7
      class_id: -1
      pt3d_x: 7.2966668701171875e+02
      pt3d_y: 2.0066667556762695e+01
      pt3d_z: 2.8233334350585938e+02
   -
      x: 144.
      y: 5.5440002441406250e+02
      size: 4.4640003204345703e+01
      angle: 3.0130740356445312e+02
      response: 8.0640500527806580e-05
      octave: 2
      class_id: -1
      pt3d_x: 3.3333334326744080e-01
      pt3d_y: 3.6133335113525391e+01
      pt3d_z: 6.6666668653488159e-01
   -
      x: 763.
      y: 492.
      size: 31.
      angle: 3.0349517822265625e+02
      response: 7.8829165431670845e-05
      octave: 0
      class_id: -1
      pt3d_x: 8.4366668701171875e+02
      pt3d_y: 16.
      pt3d_z: 3.2333332061767578e+01
   -
      x: 3.4587655639648438e+02
      y: 5.6982543945312500e+02
      size: 7.7137939453125000e+01
      angle: 3.1257763671875000e+02
      response: 7.7044853242114186e-05
      octave: 5
      class_id: -1
      pt3d_x: 9.5533331298828125e+02
      pt3d_y: 1.9466667175292969e+01
      pt3d_z: 1.3766667175292969e+02
