%YAML:1.0
---
features:
   -
      x: 955.
      y: 458.
      size: 31.
      angle: 2.2441476440429688e+02
      response: 5.0905067473649979e-04
      octave: 0
      class_id: -1
      pt3d_x: 9.3033331298828125e+02
      pt3d_y: 3.3866668701171875e+01
      pt3d_z: 1.0756666259765625e+03
   -
      x: 5.4950402832031250e+02
      y: 5.3222406005859375e+02
      size: 5.3568004608154297e+01
      angle: 2.6496987915039062e+02
      response: 4.7470739809796214e-04
      octave: 3
      class_id: -1
      pt3d_x: 1.0746666259765625e+03
      pt3d_y: 2.1733331680297852e+01
      pt3d_z: 8.4033331298828125e+02
   -
      x: 1.0450946807861328e+02
      y: 5.2851928710937500e+02
      size: 9.2565528869628906e+01
      angle: 2.5752947998046875e+02
      response: 3.2028718851506710e-04
      octave: 6
      class_id: -1
      pt3d_x: 1.0483333740234375e+03
      pt3d_y: 3.1666666030883789e+01
      pt3d_z: 5.2266668701171875e+02
   -
      x: 191.
      y: 530.
      size: 31.
      angle: 2.5161550903320312e+02
      response: 2.5854422710835934e-04
      octave: 0
      class_id: -1
      pt3d_x: 1.0736666259765625e+03
      pt3d_y: 1.8133333206176758e+01
      pt3d_z: 5.6533331298828125e+02
   -
      x: 889.
      y: 489.
      size: 31.
      angle: 2.6302252197265625e+02
      response: 2.3664945911150426e-04
      octave: 0
      class_id: -1
      pt3d_x: 9.9566668701171875e+02
      pt3d_y: 1.6200000762939453e+01
      pt3d_z: 1.0583333740234375e+03
   -
      x: 41.
      y: 544.
      size: 31.
      angle: 2.7424862670898438e+02
      response: 2.2955372696742415e-04
      octave: 0
      class_id: -1
      pt3d_x: 1.0723333740234375e+03
      pt3d_y: 3.2733333587646484e+01
      pt3d_z: 4.5666665649414062e+02
   -
      x: 3.9773318481445312e+02
      y: 4.9806228637695312e+02
      size: 1.1107863616943359e+02
      angle: 2.8791265869140625e+02
      response: 1.3059432967565954e-04
      octave: 7
      class_id: -1
      pt3d_x: 9.6033331298828125e+02
      pt3d_y: 2.2200002670288086e+01
      pt3d_z: 7.2566668701171875e+02
   -
      x: 4.7347204589843750e+02
      y: 5.2358404541015625e+02
      size: 5.3568004608154297e+01
      angle: 2.6265393066406250e+02
      response: 1.1244950292166322e-04
      octave: 3
      class_id: -1
      pt3d_x: 1.0733333740234375e+03
      pt3d_y: 1.4733333587646484e+01
      pt3d_z: 7.6866668701171875e+02
   -
      x: 7.9546636962890625e+02
      y: 5.2314453125000000e+02
      size: 1.1107863616943359e+02
      angle: 2.8062869262695312e+02
      response: 1.1050023022107780e-04
      octave: 7
      class_id: -1
      pt3d_x: 1.0736666259765625e+03
      pt3d_y: 1.7733331680297852e+01
      pt3d_z: 1.0243333740234375e+03
   -
      x: 159.
      y: 524.
      size: 31.
      angle: 2.8605999755859375e+02
      response: 9.8049255029764026e-05
      octave: 0
      class_id: -1
      pt3d_x: 1.0573333740234375e+03
      pt3d_y: 2.2199998855590820e+01
      pt3d_z: 5.4566668701171875e+02
   -
      x: 6.0549127197265625e+02
      y: 5.0803207397460938e+02
      size: 6.4281608581542969e+01
      angle: 2.5217285156250000e+02
      response: 9.2214708274696022e-05
      octave: 4
      class_id: -1
      pt3d_x: 1.0303333740234375e+03
      pt3d_y: 2.5066667556762695e+01
      pt3d_z: 8.7866668701171875e+02
   -
      x: 8.2440002441406250e+02
      y: 4.7280001831054688e+02
      size: 3.7200000762939453e+01
      angle: 2.2460604858398438e+02
      response: 7.9787627328187227e-05
      octave: 1
      class_id: -1
      pt3d_x: 9.7966668701171875e+02
      pt3d_y: 1.0533332824707031e+01
      pt3d_z: 9.9633331298828125e+02
   -
      x: 8.5638049316406250e+02
      y: 4.1923226928710938e+02
      size: 1.1107863616943359e+02
      angle: 2.3376042175292969e+02
      response: 7.2701834142208099e-05
      octave: 7
      class_id: -1
      pt3d_x: 8.8666668701171875e+02
      pt3d_y: 3.0666666030883789e+01
      pt3d_z: 1.0083333129882812e+03
   -
      x: 223.
      y: 513.
      size: 31.
      angle: 2.5249584960937500e+02
      response: 7.2109192842617631e-05
      octave: 0
      class_id: -1
      pt3d_x: 1.0746666259765625e+03
      pt3d_y: 7.0666670799255371e+00
      pt3d_z: 5.8533331298828125e+02
   -
      x: 848.
      y: 517.
      size: 31.
      angle: 2.3589163208007812e+02
      response: 6.3173421949613839e-05
      octave: 0
      class_id: -1
      pt3d_x: 1.0596666259765625e+03
      pt3d_y: 1.6733335494995117e+01
      pt3d_z: 1.0573333740234375e+03
   -
      x: 7.6739807128906250e+02
      y: 4.6879962158203125e+02
      size: 9.2565528869628906e+01
      angle: 2.6999163818359375e+02
      response: 5.6587468861835077e-05
      octave: 6
      class_id: -1
      pt3d_x: 9.6833331298828125e+02
      pt3d_y: 2.8399999618530273e+01
      pt3d_z: 9.7366668701171875e+02
   -
      x: 9.8537498474121094e+01
      y: 2.0603295898437500e+02
      size: 9.2565528869628906e+01
      angle: 2.9512243652343750e+02
      response: 5.4541189456358552e-05
      octave: 6
      class_id: -1
      pt3d_x: 7.0833331298828125e+02
      pt3d_y: 3.2066669464111328e+01
      pt3d_z: 6.4266668701171875e+02
   -
      x: 9.2304003906250000e+02
      y: 4.8240002441406250e+02
      size: 4.4640003204345703e+01
      angle: 2.4538896179199219e+02
      response: 5.3757903515361249e-05
      octave: 2
      class_id: -1
      pt3d_x: 9.6333331298828125e+02
      pt3d_y: 2.3666666030883789e+01
      pt3d_z: 1.0636666259765625e+03
   -
      x: 5.7231372070312500e+02
      y: 5.1259405517578125e+02
      size: 7.7137939453125000e+01
      angle: 2.5486260986328125e+02
      response: 5.1783470553345978e-05
      octave: 5
      class_id: -1
      pt3d_x: 1.0136666870117188e+03
      pt3d_y: 29.
      pt3d_z: 8.3833331298828125e+02
   -
      x: 4.7278091430664062e+02
      y: 4.7278091430664062e+02
      size: 7.7137939453125000e+01
      angle: 2.4043420410156250e+02
      response: 5.0532915338408202e-05
      octave: 5
      class_id: -1
      pt3d_x: 9.5033331298828125e+02
      pt3d_y: 32.
      pt3d_z: 7.9066668701171875e+02
