%YAML:1.0
---
features:
   -
      x: 174.
      y: 689.
      size: 31.
      angle: 2.7609759521484375e+02
      response: 1.3716164976358414e-03
      octave: 0
      class_id: -1
      pt3d_x: 2.8831210327148438e+02
      pt3d_y: 2.8848844528198242e+01
      pt3d_z: 5.8597528076171875e+02
   -
      x: 3.2348165893554688e+02
      y: 6.8428808593750000e+02
      size: 6.4281608581542969e+01
      angle: 2.7768948364257812e+02
      response: 8.8609411614015698e-04
      octave: 4
      class_id: -1
      pt3d_x: 3.3825268554687500e+02
      pt3d_y: 2.5327968597412109e+01
      pt3d_z: 5.8106793212890625e+02
   -
      x: 7.9211529541015625e+02
      y: 6.7392010498046875e+02
      size: 6.4281608581542969e+01
      angle: 2.8154934692382812e+02
      response: 5.9917662292718887e-04
      octave: 4
      class_id: -1
      pt3d_x: 5.0016775512695312e+02
      pt3d_y: 3.2997219085693359e+01
      pt3d_z: 5.8255273437500000e+02
   -
      x: 535.
      y: 675.
      size: 31.
      angle: 2.6913552856445312e+02
      response: 5.2661623340100050e-04
      octave: 0
      class_id: -1
      pt3d_x: 4.1195922851562500e+02
      pt3d_y: 3.3486633300781250e+01
      pt3d_z: 5.8379919433593750e+02
   -
      x: 362.
      y: 669.
      size: 31.
      angle: 2.5998852539062500e+02
      response: 4.6368301264010370e-04
      octave: 0
      class_id: -1
      pt3d_x: 3.5237768554687500e+02
      pt3d_y: 3.2533180236816406e+01
      pt3d_z: 5.8046221923828125e+02
   -
      x: 4.1803787231445312e+02
      y: 6.8379052734375000e+02
      size: 9.2565528869628906e+01
      angle: 2.6599624633789062e+02
      response: 4.2971453513018787e-04
      octave: 6
      class_id: -1
      pt3d_x: 3.7299569702148438e+02
      pt3d_y: 4.0978076934814453e+01
      pt3d_z: 5.9313818359375000e+02
   -
      x: 2.3016963195800781e+02
      y: 6.8636169433593750e+02
      size: 6.4281608581542969e+01
      angle: 2.5504449462890625e+02
      response: 4.1881087236106396e-04
      octave: 4
      class_id: -1
      pt3d_x: 3.0490112304687500e+02
      pt3d_y: 2.2102951049804688e+01
      pt3d_z: 5.7936138916015625e+02
   -
      x: 5.9040002441406250e+02
      y: 6.6816003417968750e+02
      size: 4.4640003204345703e+01
      angle: 2.6747244262695312e+02
      response: 2.5333173107355833e-04
      octave: 2
      class_id: -1
      pt3d_x: 4.2996054077148438e+02
      pt3d_y: 4.2257141113281250e+01
      pt3d_z: 5.8802893066406250e+02
   -
      x: 4.7232000732421875e+02
      y: 6.6384002685546875e+02
      size: 4.4640003204345703e+01
      angle: 2.4015438842773438e+02
      response: 1.7388803826179355e-04
      octave: 2
      class_id: -1
      pt3d_x: 3.9012808227539062e+02
      pt3d_y: 2.8469442367553711e+01
      pt3d_z: 5.7449102783203125e+02
   -
      x: 846.
      y: 606.
      size: 31.
      angle: 2.6182592773437500e+02
      response: 1.5490716032218188e-04
      octave: 0
      class_id: -1
      pt3d_x: 5.3888531494140625e+02
      pt3d_y: 9.6015501022338867e+00
      pt3d_z: 5.3013208007812500e+02
descriptors: !!opencv-matrix
   rows: 10
   cols: 32
   dt: u
   data: [ 105, 32, 81, 65, 109, 29, 224, 16, 105, 96, 178, 72, 154, 25,
       148, 180, 138, 132, 126, 12, 137, 114, 240, 192, 22, 216, 1, 48,
       74, 136, 66, 164, 72, 50, 25, 224, 32, 13, 121, 16, 41, 8, 178,
       109, 159, 19, 0, 80, 134, 149, 109, 8, 8, 96, 209, 64, 195, 241,
       33, 16, 64, 128, 7, 51, 72, 34, 80, 37, 34, 8, 121, 16, 41, 32,
       162, 168, 143, 3, 128, 82, 38, 213, 108, 0, 4, 64, 197, 64, 212,
       240, 34, 48, 106, 128, 11, 1, 80, 32, 81, 225, 36, 9, 104, 0, 45,
       0, 178, 8, 143, 3, 0, 80, 170, 133, 78, 8, 8, 34, 193, 192, 149,
       248, 2, 16, 64, 128, 67, 0, 25, 4, 110, 221, 22, 151, 235, 120,
       116, 64, 118, 134, 89, 231, 182, 228, 126, 236, 51, 172, 161, 176,
       53, 222, 118, 239, 227, 128, 63, 172, 121, 240, 88, 32, 80, 161,
       45, 89, 112, 0, 109, 36, 166, 9, 143, 11, 2, 212, 170, 133, 236,
       0, 12, 99, 209, 192, 215, 241, 3, 49, 98, 4, 79, 2, 113, 0, 53,
       201, 13, 95, 160, 72, 78, 32, 242, 2, 202, 216, 52, 230, 232, 220,
       106, 1, 141, 243, 247, 208, 149, 56, 139, 50, 81, 12, 113, 164,
       104, 48, 25, 96, 33, 77, 81, 16, 105, 40, 182, 8, 159, 19, 0, 16,
       134, 149, 108, 8, 8, 32, 208, 0, 195, 249, 32, 48, 66, 128, 70,
       35, 2, 40, 22, 154, 13, 205, 176, 66, 174, 4, 192, 11, 172, 218,
       32, 196, 232, 51, 234, 1, 6, 43, 90, 241, 145, 16, 26, 59, 16, 12,
       45, 142, 92, 45, 90, 246, 171, 72, 92, 225, 169, 150, 188, 9, 239,
       235, 67, 19, 163, 249, 205, 34, 108, 67, 138, 200, 243, 241, 79,
       59, 98, 114, 15, 67 ]
