%YAML:1.0
---
features:
   -
      x: 66.
      y: 564.
      size: 31.
      angle: 3.4273675537109375e+02
      response: 2.0253385882824659e-03
      octave: 0
      class_id: -1
      pt3d_x: 3.3315182495117188e+02
      pt3d_y: 4.9998565673828125e+01
      pt3d_z: 1.0325628662109375e+03
   -
      x: 491.
      y: 650.
      size: 31.
      angle: 2.6953631591796875e+02
      response: 1.1119982227683067e-03
      octave: 0
      class_id: -1
      pt3d_x: 3.9380609130859375e+02
      pt3d_y: 4.6566623687744141e+01
      pt3d_z: 8.8707122802734375e+02
   -
      x: 768.
      y: 669.
      size: 31.
      angle: 2.5936889648437500e+02
      response: 9.8076113499701023e-04
      octave: 0
      class_id: -1
      pt3d_x: 4.1157107543945312e+02
      pt3d_y: 3.7697113037109375e+01
      pt3d_z: 7.9429888916015625e+02
   -
      x: 409.
      y: 641.
      size: 31.
      angle: 2.6737713623046875e+02
      response: 9.7366917179897428e-04
      octave: 0
      class_id: -1
      pt3d_x: 3.8641519165039062e+02
      pt3d_y: 4.7948829650878906e+01
      pt3d_z: 9.1387915039062500e+02
   -
      x: 533.
      y: 653.
      size: 31.
      angle: 2.7405969238281250e+02
      response: 9.4171182718127966e-04
      octave: 0
      class_id: -1
      pt3d_x: 3.9611172485351562e+02
      pt3d_y: 4.4654193878173828e+01
      pt3d_z: 8.7308758544921875e+02
   -
      x: 161.
      y: 626.
      size: 31.
      angle: 2.5521672058105469e+02
      response: 8.8954728562384844e-04
      octave: 0
      class_id: -1
      pt3d_x: 3.6774401855468750e+02
      pt3d_y: 5.0671607971191406e+01
      pt3d_z: 9.9607397460937500e+02
   -
      x: 2.9382092285156250e+02
      y: 6.1989044189453125e+02
      size: 1.1107863616943359e+02
      angle: 2.7528875732421875e+02
      response: 8.2156137796118855e-04
      octave: 7
      class_id: -1
      pt3d_x: 3.7179382324218750e+02
      pt3d_y: 4.9691680908203125e+01
      pt3d_z: 9.5210351562500000e+02
   -
      x: 965.
      y: 678.
      size: 31.
      angle: 2.6657525634765625e+02
      response: 6.4766214927658439e-04
      octave: 0
      class_id: -1
      pt3d_x: 4.2890811157226562e+02
      pt3d_y: 4.1944763183593750e+01
      pt3d_z: 7.3285211181640625e+02
   -
      x: 50.
      y: 529.
      size: 31.
      angle: 3.4507098388671875e+02
      response: 5.2460073493421078e-04
      octave: 0
      class_id: -1
      pt3d_x: 3.1224444580078125e+02
      pt3d_y: 4.7857074737548828e+01
      pt3d_z: 1.0422530517578125e+03
   -
      x: 4.6080001831054688e+02
      y: 6.4920001220703125e+02
      size: 3.7200000762939453e+01
      angle: 2.6071557617187500e+02
      response: 5.1312305731698871e-04
      octave: 1
      class_id: -1
      pt3d_x: 3.9222131347656250e+02
      pt3d_y: 4.7440967559814453e+01
      pt3d_z: 8.9734771728515625e+02
   -
      x: 8.7298571777343750e+02
      y: 6.6147851562500000e+02
      size: 6.4281608581542969e+01
      angle: 2.7760052490234375e+02
      response: 4.6840577851980925e-04
      octave: 4
      class_id: -1
      pt3d_x: 4.1794995117187500e+02
      pt3d_y: 4.2998760223388672e+01
      pt3d_z: 7.6087628173828125e+02
   -
      x: 730.
      y: 672.
      size: 31.
      angle: 2.6876745605468750e+02
      response: 4.6763455611653626e-04
      octave: 0
      class_id: -1
      pt3d_x: 4.0984750366210938e+02
      pt3d_y: 3.6718696594238281e+01
      pt3d_z: 8.0710290527343750e+02
   -
      x: 809.
      y: 663.
      size: 31.
      angle: 2.6161370849609375e+02
      response: 3.8872071309015155e-04
      octave: 0
      class_id: -1
      pt3d_x: 4.1023641967773438e+02
      pt3d_y: 3.5266056060791016e+01
      pt3d_z: 7.7833728027343750e+02
   -
      x: 682.
      y: 672.
      size: 31.
      angle: 2.7853692626953125e+02
      response: 1.8895920948125422e-04
      octave: 0
      class_id: -1
      pt3d_x: 4.1008804321289062e+02
      pt3d_y: 4.1603988647460938e+01
      pt3d_z: 8.2487103271484375e+02
   -
      x: 76.
      y: 605.
      size: 31.
      angle: 3.3886233520507812e+02
      response: 1.2725047417916358e-04
      octave: 0
      class_id: -1
      pt3d_x: 3.5353561401367188e+02
      pt3d_y: 5.0675548553466797e+01
      pt3d_z: 1.0258359375000000e+03
   -
      x: 927.
      y: 685.
      size: 31.
      angle: 2.9064202880859375e+02
      response: 1.2312571925576776e-04
      octave: 0
      class_id: -1
      pt3d_x: 4.3147955322265625e+02
      pt3d_y: 4.6001152038574219e+01
      pt3d_z: 7.4917956542968750e+02
   -
      x: 37.
      y: 494.
      size: 31.
      angle: 3.4579913330078125e+02
      response: 1.1070491746068001e-04
      octave: 0
      class_id: -1
      pt3d_x: 2.9182128906250000e+02
      pt3d_y: 4.7613197326660156e+01
      pt3d_z: 1.0506719970703125e+03
   -
      x: 200.
      y: 629.
      size: 31.
      angle: 2.8718515014648438e+02
      response: 1.0018234752351418e-04
      octave: 0
      class_id: -1
      pt3d_x: 3.7098422241210938e+02
      pt3d_y: 5.0271190643310547e+01
      pt3d_z: 9.8307824707031250e+02
   -
      x: 4.4431454467773438e+02
      y: 5.1597821044921875e+02
      size: 1.1107863616943359e+02
      angle: 7.5722267150878906e+01
      response: 6.5714928496163338e-05
      octave: 7
      class_id: -1
      pt3d_x: 3.2768862915039062e+02
      pt3d_y: 4.4382369995117188e+01
      pt3d_z: 8.9442803955078125e+02
   -
      x: 565.
      y: 661.
      size: 31.
      angle: 2.7742111206054688e+02
      response: 6.2476334278471768e-05
      octave: 0
      class_id: -1
      pt3d_x: 3.9919067382812500e+02
      pt3d_y: 4.1828296661376953e+01
      pt3d_z: 8.6259600830078125e+02
