%YAML:1.0
---
features:
   -
      x: 231.
      y: 763.
      size: 31.
      angle: 2.6491244506835938e+02
      response: 7.2853959864005446e-04
      octave: 0
      class_id: -1
      pt3d_x: 6.5701483154296875e+02
      pt3d_y: 1.7882715225219727e+01
      pt3d_z: 7.1747692871093750e+02
   -
      x: 280.
      y: 767.
      size: 31.
      angle: 2.5611682128906250e+02
      response: 6.2820431776344776e-04
      octave: 0
      class_id: -1
      pt3d_x: 6.7284173583984375e+02
      pt3d_y: 2.0797040939331055e+01
      pt3d_z: 7.1666503906250000e+02
   -
      x: 6.0768005371093750e+02
      y: 7.3584002685546875e+02
      size: 4.4640003204345703e+01
      angle: 2.6822091674804688e+02
      response: 5.9503020020201802e-04
      octave: 2
      class_id: -1
      pt3d_x: 7.6231353759765625e+02
      pt3d_y: 9.6200838088989258e+00
      pt3d_z: 6.7309661865234375e+02
   -
      x: 377.
      y: 752.
      size: 31.
      angle: 2.6608581542968750e+02
      response: 5.4858246585354209e-04
      octave: 0
      class_id: -1
      pt3d_x: 6.9952130126953125e+02
      pt3d_y: 2.4471599578857422e+01
      pt3d_z: 7.0698895263671875e+02
   -
      x: 321.
      y: 746.
      size: 31.
      angle: 2.2951921081542969e+02
      response: 3.5984170972369611e-04
      octave: 0
      class_id: -1
      pt3d_x: 6.8404919433593750e+02
      pt3d_y: 2.7293106079101562e+01
      pt3d_z: 7.1111395263671875e+02
   -
      x: 4.6939682006835938e+02
      y: 4.4073135375976562e+02
      size: 1.1107863616943359e+02
      angle: 2.5914672851562500e+02
      response: 3.4314356162212789e-04
      octave: 7
      class_id: -1
      pt3d_x: 6.8861700439453125e+02
      pt3d_y: 3.9044582366943359e+01
      pt3d_z: 5.7498541259765625e+02
   -
      x: 426.
      y: 742.
      size: 31.
      angle: 2.6825042724609375e+02
      response: 3.3120036823675036e-04
      octave: 0
      class_id: -1
      pt3d_x: 7.1043774414062500e+02
      pt3d_y: 1.7832790374755859e+01
      pt3d_z: 6.9568316650390625e+02
   -
      x: 3.8400001525878906e+01
      y: 5.8440002441406250e+02
      size: 3.7200000762939453e+01
      angle: 2.6997918701171875e+02
      response: 2.8116779867559671e-04
      octave: 1
      class_id: -1
      pt3d_x: 5.5669464111328125e+02
      pt3d_y: 1.9075679779052734e+01
      pt3d_z: 6.7049584960937500e+02
   -
      x: 846.
      y: 627.
      size: 31.
      angle: 2.6070684814453125e+02
      response: 2.6633779634721577e-04
      octave: 0
      class_id: -1
      pt3d_x: 8.3418780517578125e+02
      pt3d_y: 1.7396387100219727e+01
      pt3d_z: 6.1523144531250000e+02
   -
      x: 365.
      y: 667.
      size: 31.
      angle: 1.7833523559570312e+02
      response: 2.2224064741749316e-04
      octave: 0
      class_id: -1
      pt3d_x: 6.8481451416015625e+02
      pt3d_y: 2.4703493118286133e+01
      pt3d_z: 6.7912786865234375e+02
descriptors: !!opencv-matrix
   rows: 10
   cols: 32
   dt: u
   data: [ 50, 2, 110, 141, 77, 211, 185, 72, 199, 68, 214, 163, 193,
       204, 182, 64, 234, 173, 235, 133, 140, 179, 103, 208, 22, 112,
       138, 139, 53, 12, 116, 214, 82, 32, 157, 165, 44, 11, 72, 24, 47,
       176, 146, 72, 215, 195, 80, 2, 75, 197, 127, 136, 11, 65, 219,
       209, 141, 144, 143, 180, 12, 136, 1, 32, 72, 48, 81, 96, 32, 73,
       80, 16, 105, 40, 50, 104, 159, 19, 128, 176, 134, 21, 204, 0, 9,
       32, 192, 0, 130, 249, 32, 51, 66, 128, 3, 3, 80, 32, 17, 224, 96,
       13, 104, 0, 45, 32, 178, 72, 143, 3, 0, 80, 170, 133, 76, 8, 8,
       35, 193, 192, 151, 248, 2, 48, 64, 128, 66, 0, 50, 40, 82, 152,
       77, 205, 176, 64, 173, 4, 240, 11, 46, 202, 36, 148, 232, 177,
       203, 129, 4, 35, 18, 192, 151, 16, 10, 59, 65, 12, 111, 134, 136,
       138, 61, 251, 188, 235, 121, 135, 158, 23, 214, 18, 255, 31, 32,
       104, 199, 51, 191, 16, 50, 140, 99, 183, 207, 215, 250, 81, 146,
       136, 133, 107, 104, 48, 24, 96, 33, 77, 81, 16, 105, 40, 36, 8,
       159, 19, 0, 16, 128, 148, 76, 8, 8, 32, 208, 0, 195, 249, 32, 48,
       66, 128, 66, 35, 9, 52, 27, 109, 112, 175, 121, 83, 60, 73, 127,
       108, 191, 23, 0, 48, 182, 57, 86, 44, 147, 152, 49, 95, 199, 255,
       48, 192, 200, 128, 3, 185, 216, 175, 90, 160, 171, 8, 127, 231,
       169, 134, 236, 169, 143, 227, 3, 19, 34, 247, 204, 226, 120, 11,
       138, 202, 242, 241, 39, 9, 38, 242, 175, 11, 167, 92, 101, 95,
       244, 55, 239, 184, 84, 234, 87, 86, 240, 120, 183, 111, 89, 108,
       50, 111, 225, 244, 125, 254, 36, 58, 199, 128, 95, 255, 80, 244 ]
