%YAML:1.0
---
features:
   -
      x: 800.
      y: 560.
      size: 31.
      angle: 2.2731597900390625e+02
      response: 1.9953879527747631e-03
      octave: 0
      class_id: -1
      pt3d_x: 1.4386166381835938e+02
      pt3d_y: 4.1579383850097656e+01
      pt3d_z: 6.4172998046875000e+02
   -
      x: 6.6480004882812500e+02
      y: 6.4320001220703125e+02
      size: 3.7200000762939453e+01
      angle: 2.4390322875976562e+02
      response: 1.8285441910848022e-03
      octave: 1
      class_id: -1
      pt3d_x: 2.0547959899902344e+02
      pt3d_y: 4.1945934295654297e+01
      pt3d_z: 6.3213958740234375e+02
   -
      x: 741.
      y: 600.
      size: 31.
      angle: 2.3608576965332031e+02
      response: 1.5412901993840933e-03
      octave: 0
      class_id: -1
      pt3d_x: 1.7308312988281250e+02
      pt3d_y: 4.2118194580078125e+01
      pt3d_z: 6.3577996826171875e+02
   -
      x: 493.
      y: 708.
      size: 31.
      angle: 2.9152377319335938e+02
      response: 7.4697314994409680e-04
      octave: 0
      class_id: -1
      pt3d_x: 2.6313409423828125e+02
      pt3d_y: 3.5657558441162109e+01
      pt3d_z: 6.3759393310546875e+02
   -
      x: 845.
      y: 529.
      size: 31.
      angle: 2.3703369140625000e+02
      response: 7.3867110768333077e-04
      octave: 0
      class_id: -1
      pt3d_x: 1.2179694366455078e+02
      pt3d_y: 4.3752563476562500e+01
      pt3d_z: 6.4518322753906250e+02
   -
      x: 716.
      y: 624.
      size: 31.
      angle: 2.2618457031250000e+02
      response: 6.1624910449609160e-04
      octave: 0
      class_id: -1
      pt3d_x: 1.8760771179199219e+02
      pt3d_y: 4.4531185150146484e+01
      pt3d_z: 6.2982165527343750e+02
   -
      x: 7.7280004882812500e+02
      y: 582.
      size: 3.7200000762939453e+01
      angle: 2.2467485046386719e+02
      response: 5.9362978208810091e-04
      octave: 1
      class_id: -1
      pt3d_x: 1.6016616821289062e+02
      pt3d_y: 4.3814994812011719e+01
      pt3d_z: 6.3661645507812500e+02
   -
      x: 603.
      y: 706.
      size: 31.
      angle: 2.1906109619140625e+02
      response: 4.0865602204576135e-04
      octave: 0
      class_id: -1
      pt3d_x: 2.3567282104492188e+02
      pt3d_y: 4.5260932922363281e+01
      pt3d_z: 6.1884161376953125e+02
   -
      x: 431.
      y: 707.
      size: 31.
      angle: 3.0015206909179688e+02
      response: 2.8709208709187806e-04
      octave: 0
      class_id: -1
      pt3d_x: 2.8136560058593750e+02
      pt3d_y: 4.0999355316162109e+01
      pt3d_z: 6.4275097656250000e+02
   -
      x: 391.
      y: 701.
      size: 31.
      angle: 2.9244738769531250e+02
      response: 2.6843743398785591e-04
      octave: 0
      class_id: -1
      pt3d_x: 2.9201519775390625e+02
      pt3d_y: 4.3565864562988281e+01
      pt3d_z: 6.4817175292968750e+02
descriptors: !!opencv-matrix
   rows: 10
   cols: 32
   dt: u
   data: [ 112, 32, 82, 168, 77, 73, 64, 64, 47, 32, 160, 11, 2, 137, 68,
       144, 232, 129, 206, 0, 12, 99, 65, 208, 147, 144, 1, 59, 97, 8,
       126, 130, 27, 22, 115, 221, 54, 151, 111, 112, 85, 74, 222, 230,
       123, 230, 180, 228, 126, 236, 30, 174, 173, 145, 45, 223, 162,
       239, 163, 128, 63, 174, 112, 117, 19, 6, 70, 157, 86, 131, 170,
       88, 22, 64, 82, 199, 113, 200, 182, 196, 126, 169, 51, 173, 167,
       178, 15, 223, 52, 46, 171, 136, 61, 140, 120, 148, 120, 7, 98, 76,
       23, 91, 71, 120, 85, 228, 238, 143, 67, 104, 182, 180, 120, 228,
       196, 238, 236, 179, 61, 14, 122, 111, 133, 21, 103, 174, 126, 84,
       33, 32, 18, 8, 73, 73, 224, 72, 238, 32, 228, 8, 2, 128, 32, 148,
       104, 136, 202, 8, 8, 115, 82, 80, 21, 0, 3, 57, 81, 8, 106, 128,
       25, 0, 79, 233, 100, 11, 105, 80, 119, 96, 118, 70, 219, 3, 144,
       96, 122, 140, 110, 140, 137, 176, 101, 212, 196, 235, 163, 0, 111,
       136, 113, 160, 50, 32, 86, 169, 77, 79, 232, 72, 143, 32, 226, 3,
       202, 154, 20, 64, 232, 140, 106, 129, 8, 163, 219, 208, 149, 240,
       139, 59, 17, 12, 120, 134, 3, 50, 7, 152, 107, 131, 32, 72, 175,
       72, 192, 229, 204, 198, 166, 212, 230, 173, 106, 133, 135, 211,
       186, 209, 148, 48, 11, 138, 24, 4, 35, 245, 49, 6, 75, 105, 20,
       11, 99, 56, 116, 32, 234, 64, 83, 1, 144, 112, 120, 204, 14, 44,
       41, 176, 69, 30, 244, 175, 33, 16, 121, 138, 114, 160, 48, 0, 22,
       169, 68, 11, 96, 72, 86, 32, 226, 2, 66, 192, 32, 80, 120, 140,
       34, 8, 8, 178, 65, 30, 148, 166, 1, 0, 113, 8, 112, 128 ]
