%YAML:1.0
---
features:
   -
      x: 1.2268801116943359e+02
      y: 6.3244805908203125e+02
      size: 5.3568004608154297e+01
      angle: 2.6299658203125000e+02
      response: 6.1409076442942023e-04
      octave: 3
      class_id: -1
      pt3d_x: 7.1668200683593750e+02
      pt3d_y: 1.5495411872863770e+01
      pt3d_z: 7.8091015625000000e+02
   -
      x: 1.9657733154296875e+02
      y: 6.1212689208984375e+02
      size: 7.7137939453125000e+01
      angle: 2.3427565002441406e+02
      response: 5.8802851708605886e-04
      octave: 5
      class_id: -1
      pt3d_x: 6.9363983154296875e+02
      pt3d_y: 1.8825439453125000e+01
      pt3d_z: 7.9351220703125000e+02
   -
      x: 352.
      y: 603.
      size: 31.
      angle: 2.6281832885742188e+02
      response: 5.6938047055155039e-04
      octave: 0
      class_id: -1
      pt3d_x: 6.3839843750000000e+02
      pt3d_y: 2.5772157669067383e+01
      pt3d_z: 8.0683294677734375e+02
   -
      x: 1.5407681274414062e+02
      y: 6.3422320556640625e+02
      size: 1.1107863616943359e+02
      angle: 2.5520327758789062e+02
      response: 3.7917401641607285e-04
      octave: 7
      class_id: -1
      pt3d_x: 7.0446832275390625e+02
      pt3d_y: 1.6747396469116211e+01
      pt3d_z: 7.8234075927734375e+02
   -
      x: 2.7948818969726562e+02
      y: 6.2347363281250000e+02
      size: 1.1107863616943359e+02
      angle: 2.7433160400390625e+02
      response: 3.4641582169570029e-04
      octave: 7
      class_id: -1
      pt3d_x: 6.6480883789062500e+02
      pt3d_y: 1.4549018859863281e+01
      pt3d_z: 7.9958715820312500e+02
   -
      x: 92.
      y: 642.
      size: 31.
      angle: 2.5428010559082031e+02
      response: 3.1653355108574033e-04
      octave: 0
      class_id: -1
      pt3d_x: 7.2881402587890625e+02
      pt3d_y: 9.2030582427978516e+00
      pt3d_z: 7.7796038818359375e+02
   -
      x: 2.2032000732421875e+02
      y: 5.8032000732421875e+02
      size: 4.4640003204345703e+01
      angle: 2.6484057617187500e+02
      response: 2.1276668121572584e-04
      octave: 2
      class_id: -1
      pt3d_x: 6.8825982666015625e+02
      pt3d_y: 2.5813919067382812e+01
      pt3d_z: 8.0412500000000000e+02
   -
      x: 1.0368000793457031e+02
      y: 5.4432006835937500e+02
      size: 5.3568004608154297e+01
      angle: 2.4839688110351562e+02
      response: 1.1135275417473167e-04
      octave: 3
      class_id: -1
      pt3d_x: 7.3747412109375000e+02
      pt3d_y: 2.7470453262329102e+01
      pt3d_z: 8.0718121337890625e+02
   -
      x: 5.7024005889892578e+01
      y: 5.7715203857421875e+02
      size: 5.3568004608154297e+01
      angle: 3.1501885986328125e+02
      response: 8.7937325588427484e-05
      octave: 3
      class_id: -1
      pt3d_x: 7.5148864746093750e+02
      pt3d_y: 1.8682968139648438e+01
      pt3d_z: 7.9471258544921875e+02
   -
      x: 1.1466181945800781e+02
      y: 4.4431454467773438e+02
      size: 1.1107863616943359e+02
      angle: 9.5247779846191406e+01
      response: 6.1975995777174830e-05
      octave: 7
      class_id: -1
      pt3d_x: 7.5502264404296875e+02
      pt3d_y: 3.7981410980224609e+01
      pt3d_z: 8.4749645996093750e+02
descriptors: !!opencv-matrix
   rows: 10
   cols: 32
   dt: u
   data: [ 3, 170, 135, 191, 27, 146, 184, 192, 190, 80, 194, 231, 237,
       238, 48, 192, 231, 107, 187, 133, 167, 193, 143, 253, 132, 114,
       203, 139, 28, 4, 57, 213, 34, 58, 26, 154, 108, 153, 176, 82, 143,
       156, 144, 239, 172, 222, 230, 128, 206, 59, 239, 1, 134, 75, 138,
       241, 150, 16, 43, 187, 28, 12, 15, 215, 67, 58, 55, 159, 110, 132,
       185, 80, 206, 88, 210, 230, 228, 214, 164, 100, 198, 59, 62, 5,
       135, 129, 238, 241, 4, 48, 42, 138, 28, 12, 33, 245, 97, 32, 80,
       65, 108, 13, 96, 0, 105, 40, 178, 72, 218, 1, 212, 118, 8, 196,
       110, 12, 9, 114, 209, 64, 20, 184, 1, 48, 74, 128, 66, 36, 96, 34,
       113, 97, 36, 9, 113, 16, 109, 32, 178, 8, 159, 27, 4, 16, 162,
       132, 108, 8, 8, 96, 193, 192, 199, 249, 33, 48, 66, 128, 71, 35,
       114, 34, 18, 136, 107, 81, 176, 72, 143, 4, 240, 171, 12, 222, 38,
       196, 234, 153, 235, 129, 4, 35, 138, 208, 144, 16, 139, 171, 21,
       12, 47, 199, 2, 136, 146, 154, 77, 229, 184, 198, 143, 21, 72, 3,
       172, 158, 100, 76, 201, 59, 179, 129, 6, 11, 18, 241, 5, 52, 154,
       43, 144, 76, 45, 142, 29, 73, 106, 205, 86, 18, 239, 252, 84, 68,
       94, 130, 121, 109, 183, 100, 126, 236, 23, 239, 201, 176, 37, 173,
       114, 111, 162, 128, 55, 187, 124, 232, 65, 236, 147, 53, 52, 141,
       66, 182, 107, 169, 58, 76, 190, 185, 16, 48, 137, 110, 76, 77,
       203, 248, 208, 45, 237, 222, 52, 112, 72, 8, 67, 11, 87, 123, 195,
       140, 50, 18, 74, 216, 41, 200, 218, 230, 73, 194, 245, 244, 126,
       237, 28, 255, 205, 131, 164, 202, 184, 124, 175, 142, 47, 182, 51,
       117 ]
