%YAML:1.0
---
features:
   -
      x: 46.
      y: 536.
      size: 31.
      angle: 2.7088058471679688e+02
      response: 9.4794668257236481e-04
      octave: 0
      class_id: -1
      pt3d_x: 7.4601672363281250e+02
      pt3d_y: 2.8936906814575195e+01
      pt3d_z: 3.2540274047851562e+02
   -
      x: 3.4560000610351562e+02
      y: 5.2920001220703125e+02
      size: 3.7200000762939453e+01
      angle: 2.8976519775390625e+02
      response: 5.6521041551604867e-04
      octave: 1
      class_id: -1
      pt3d_x: 7.5541326904296875e+02
      pt3d_y: 2.5632635116577148e+01
      pt3d_z: 4.5857717895507812e+02
   -
      x: 9.0892810058593750e+02
      y: 5.2704003906250000e+02
      size: 5.3568004608154297e+01
      angle: 2.6933343505859375e+02
      response: 5.3568911971524358e-04
      octave: 3
      class_id: -1
      pt3d_x: 7.7693768310546875e+02
      pt3d_y: 1.0238633155822754e+01
      pt3d_z: 7.2913092041015625e+02
   -
      x: 4.6863366699218750e+02
      y: 5.2462084960937500e+02
      size: 6.4281608581542969e+01
      angle: 2.4295327758789062e+02
      response: 3.5428415867500007e-04
      octave: 4
      class_id: -1
      pt3d_x: 7.3868896484375000e+02
      pt3d_y: 4.1283203125000000e+01
      pt3d_z: 5.1599389648437500e+02
   -
      x: 5.4960003662109375e+02
      y: 5.3040002441406250e+02
      size: 3.7200000762939453e+01
      angle: 2.4725823974609375e+02
      response: 2.7533847605809569e-04
      octave: 1
      class_id: -1
      pt3d_x: 7.6009661865234375e+02
      pt3d_y: 2.1432342529296875e+01
      pt3d_z: 5.5289117431640625e+02
   -
      x: 833.
      y: 524.
      size: 31.
      angle: 2.5089630126953125e+02
      response: 1.8049696518573910e-04
      octave: 0
      class_id: -1
      pt3d_x: 7.8525994873046875e+02
      pt3d_y: 5.7087182998657227e+00
      pt3d_z: 6.9579229736328125e+02
   -
      x: 4.4192575073242188e+02
      y: 5.4046325683593750e+02
      size: 9.2565528869628906e+01
      angle: 2.5256713867187500e+02
      response: 1.6967304691206664e-04
      octave: 6
      class_id: -1
      pt3d_x: 7.3238507080078125e+02
      pt3d_y: 3.7432163238525391e+01
      pt3d_z: 5.0439215087890625e+02
   -
      x: 402.
      y: 544.
      size: 31.
      angle: 2.7774893188476562e+02
      response: 1.6928053810261190e-04
      octave: 0
      class_id: -1
      pt3d_x: 7.3968090820312500e+02
      pt3d_y: 2.9425607681274414e+01
      pt3d_z: 4.8641744995117188e+02
   -
      x: 963.
      y: 511.
      size: 31.
      angle: 2.6692462158203125e+02
      response: 1.6428822709713131e-04
      octave: 0
      class_id: -1
      pt3d_x: 7.6954791259765625e+02
      pt3d_y: 2.5394098281860352e+01
      pt3d_z: 7.4927301025390625e+02
   -
      x: 1.9408901977539062e+02
      y: 4.0609393310546875e+02
      size: 9.2565528869628906e+01
      angle: 2.9987609863281250e+02
      response: 1.5012321819085628e-04
      octave: 6
      class_id: -1
      pt3d_x: 8.6857495117187500e+02
      pt3d_y: 2.4921108245849609e+01
      pt3d_z: 3.5783090209960938e+02
descriptors: !!opencv-matrix
   rows: 10
   cols: 32
   dt: u
   data: [ 104, 48, 57, 100, 44, 77, 81, 16, 107, 168, 182, 8, 151, 25,
       64, 50, 128, 212, 109, 8, 9, 96, 209, 0, 195, 249, 33, 48, 64,
       136, 70, 35, 105, 50, 89, 33, 32, 73, 97, 16, 105, 108, 246, 108,
       143, 0, 130, 148, 138, 132, 238, 0, 5, 112, 225, 64, 148, 209, 32,
       179, 72, 136, 79, 209, 97, 32, 157, 101, 44, 77, 97, 24, 107, 160,
       162, 8, 215, 33, 80, 50, 129, 196, 108, 24, 9, 96, 217, 0, 205,
       186, 69, 48, 72, 168, 82, 32, 3, 170, 135, 191, 105, 153, 56, 192,
       190, 152, 64, 101, 236, 226, 32, 192, 227, 107, 235, 133, 7, 201,
       138, 249, 140, 50, 155, 139, 24, 4, 43, 143, 120, 32, 80, 224, 45,
       93, 88, 64, 41, 36, 180, 9, 139, 27, 6, 144, 202, 128, 205, 8, 12,
       35, 80, 128, 147, 217, 0, 51, 98, 132, 78, 2, 120, 32, 80, 160,
       33, 13, 80, 80, 41, 8, 176, 9, 143, 27, 0, 208, 162, 129, 204, 0,
       12, 34, 192, 128, 147, 217, 32, 19, 98, 128, 74, 3, 120, 32, 66,
       224, 13, 73, 80, 64, 43, 160, 176, 9, 139, 153, 4, 144, 232, 133,
       207, 0, 12, 99, 192, 208, 151, 217, 1, 59, 65, 12, 78, 130, 73,
       48, 113, 225, 101, 93, 120, 16, 109, 72, 178, 76, 159, 25, 16,
       244, 134, 133, 126, 12, 133, 32, 241, 192, 199, 249, 34, 18, 78,
       132, 67, 21, 24, 16, 127, 229, 70, 74, 121, 80, 125, 64, 118, 131,
       95, 31, 16, 80, 122, 221, 63, 128, 9, 240, 113, 204, 215, 235,
       130, 1, 111, 136, 101, 242, 32, 137, 152, 251, 84, 133, 186, 231,
       30, 9, 120, 66, 180, 219, 32, 64, 232, 43, 34, 65, 66, 186, 90,
       247, 189, 156, 30, 106, 24, 10, 41, 138 ]
