%YAML:1.0
---
features:
   -
      x: 9.1072534179687500e+02
      y: 7.2161297607421875e+02
      size: 7.7137939453125000e+01
      angle: 1.9793724060058594e+02
      response: 6.2926620012149215e-04
      octave: 5
      class_id: -1
      pt3d_x: 1.0756666259765625e+03
      pt3d_y: 1.2533333778381348e+01
      pt3d_z: 1.5633332824707031e+02
   -
      x: 9.3360003662109375e+02
      y: 4.0800003051757812e+02
      size: 3.7200000762939453e+01
      angle: 1.9017996215820312e+02
      response: 5.1510287448763847e-04
      octave: 1
      class_id: -1
      pt3d_x: 1.0733333740234375e+03
      pt3d_y: 1.7133333206176758e+01
      pt3d_z: 4.1366665649414062e+02
   -
      x: 5.5872003173828125e+02
      y: 7.2720001220703125e+02
      size: 4.4640003204345703e+01
      angle: 2.7411566162109375e+02
      response: 4.7423958312720060e-04
      octave: 2
      class_id: -1
      pt3d_x: 8.4466668701171875e+02
      pt3d_y: 2.3400001525878906e+01
      pt3d_z: 2.0933332824707031e+02
   -
      x: 3.7981729125976562e+02
      y: 5.6972589111328125e+02
      size: 1.1107863616943359e+02
      angle: 2.7929693603515625e+02
      response: 2.2755698591936380e-04
      octave: 7
      class_id: -1
      pt3d_x: 7.2166668701171875e+02
      pt3d_y: 1.1733333587646484e+01
      pt3d_z: 3.0233334350585938e+02
   -
      x: 6.3244805908203125e+02
      y: 7.2990728759765625e+02
      size: 6.4281608581542969e+01
      angle: 2.4494490051269531e+02
      response: 2.1534971892833710e-04
      octave: 4
      class_id: -1
      pt3d_x: 8.8566668701171875e+02
      pt3d_y: 2.2133333206176758e+01
      pt3d_z: 2.0233332824707031e+02
   -
      x: 7.9626257324218750e+02
      y: 3.1104006958007812e+02
      size: 7.7137939453125000e+01
      angle: 2.3524032592773438e+02
      response: 1.7975336231756955e-04
      octave: 5
      class_id: -1
      pt3d_x: 9.8133331298828125e+02
      pt3d_y: 2.7399999618530273e+01
      pt3d_z: 4.8266665649414062e+02
   -
      x: 950.
      y: 289.
      size: 31.
      angle: 1.8757054138183594e+02
      response: 1.7957651289179921e-04
      octave: 0
      class_id: -1
      pt3d_x: 1.0666666259765625e+03
      pt3d_y: 3.1866668701171875e+01
      pt3d_z: 4.8133334350585938e+02
   -
      x: 5.6733709716796875e+02
      y: 6.3900073242187500e+02
      size: 9.2565528869628906e+01
      angle: 2.9347708129882812e+02
      response: 1.6949993732850999e-04
      octave: 6
      class_id: -1
      pt3d_x: 8.5566668701171875e+02
      pt3d_y: 2.5866668701171875e+01
      pt3d_z: 2.8433334350585938e+02
   -
      x: 3.7623406982421875e+02
      y: 6.6886059570312500e+02
      size: 9.2565528869628906e+01
      angle: 2.2646969604492188e+02
      response: 1.6249739564955235e-04
      octave: 6
      class_id: -1
      pt3d_x: 7.1966668701171875e+02
      pt3d_y: 1.5466667175292969e+01
      pt3d_z: 2.6233334350585938e+02
   -
      x: 2.9023773193359375e+02
      y: 3.9056683349609375e+02
      size: 1.1107863616943359e+02
      angle: 2.5032550048828125e+02
      response: 1.5651469584554434e-04
      octave: 7
      class_id: -1
      pt3d_x: 7.0366668701171875e+02
      pt3d_y: 2.6066667556762695e+01
      pt3d_z: 4.6533334350585938e+02
   -
      x: 3.0108679199218750e+02
      y: 5.1010571289062500e+02
      size: 7.7137939453125000e+01
      angle: 2.5526612854003906e+02
      response: 1.5409303887281567e-04
      octave: 5
      class_id: -1
      pt3d_x: 6.9333331298828125e+02
      pt3d_y: 2.5266668319702148e+01
      pt3d_z: 3.8866665649414062e+02
   -
      x: 5.8525305175781250e+02
      y: 5.3747729492187500e+02
      size: 9.2565528869628906e+01
      angle: 2.5744470214843750e+02
      response: 1.4940243272576481e-04
      octave: 6
      class_id: -1
      pt3d_x: 8.7233331298828125e+02
      pt3d_y: 1.8600000381469727e+01
      pt3d_z: 3.3566665649414062e+02
   -
      x: 6.3302880859375000e+02
      y: 6.4497271728515625e+02
      size: 9.2565528869628906e+01
      angle: 2.5156361389160156e+02
      response: 1.4666434435639530e-04
      octave: 6
      class_id: -1
      pt3d_x: 8.9566668701171875e+02
      pt3d_y: 2.4333333969116211e+01
      pt3d_z: 2.7333334350585938e+02
   -
      x: 5.6136511230468750e+02
      y: 4.9865945434570312e+02
      size: 9.2565528869628906e+01
      angle: 1.4026738405227661e+00
      response: 1.4267045480664819e-04
      octave: 6
      class_id: -1
      pt3d_x: 8.5733331298828125e+02
      pt3d_y: 25.
      pt3d_z: 3.7666665649414062e+02
   -
      x: 8.6688000488281250e+02
      y: 7.5024005126953125e+02
      size: 4.4640003204345703e+01
      angle: 1.7957376098632812e+02
      response: 1.4202135207597166e-04
      octave: 2
      class_id: -1
      pt3d_x: 1.0473333740234375e+03
      pt3d_y: 2.3600000381469727e+01
      pt3d_z: 1.6866667175292969e+02
   -
      x: 9.0475341796875000e+02
      y: 2.5679467773437500e+02
      size: 9.2565528869628906e+01
      angle: 1.2095581817626953e+02
      response: 1.3869626855012029e-04
      octave: 6
      class_id: -1
      pt3d_x: 1.0526666259765625e+03
      pt3d_y: 2.6333333969116211e+01
      pt3d_z: 5.0533334350585938e+02
   -
      x: 2.3887878417968750e+02
      y: 5.1060339355468750e+02
      size: 9.2565528869628906e+01
      angle: 2.9449874877929688e+02
      response: 1.3723867596127093e-04
      octave: 6
      class_id: -1
      pt3d_x: 6.5833331298828125e+02
      pt3d_y: 2.2666666030883789e+01
      pt3d_z: 3.8966665649414062e+02
   -
      x: 3.7265090942382812e+02
      y: 1.8990864562988281e+02
      size: 1.1107863616943359e+02
      angle: 2.9887832641601562e+02
      response: 1.3448444951791316e-04
      octave: 7
      class_id: -1
      pt3d_x: 7.5866668701171875e+02
      pt3d_y: 3.2600002288818359e+01
      pt3d_z: 5.7533331298828125e+02
   -
      x: 2.1140773010253906e+02
      y: 3.4398547363281250e+02
      size: 1.1107863616943359e+02
      angle: 2.6313693237304688e+02
      response: 1.3395427959039807e-04
      octave: 7
      class_id: -1
      pt3d_x: 6.5533331298828125e+02
      pt3d_y: 2.3800001144409180e+01
      pt3d_z: 4.9066665649414062e+02
   -
      x: 3.9225604248046875e+02
      y: 6.2726403808593750e+02
      size: 5.3568004608154297e+01
      angle: 2.0761010742187500e+02
      response: 1.3370379747357219e-04
      octave: 3
      class_id: -1
      pt3d_x: 7.4966668701171875e+02
      pt3d_y: 2.9666666030883789e+01
      pt3d_z: 3.1733334350585938e+02
