%YAML:1.0
---
features:
   -
      x: 7.7635607910156250e+02
      y: 5.8823901367187500e+02
      size: 9.2565528869628906e+01
      angle: 1.8856776428222656e+02
      response: 2.9976060613989830e-04
      octave: 6
      class_id: -1
      pt3d_x: 4.6933334350585938e+02
      pt3d_y: 3.1133333206176758e+01
      pt3d_z: 3.9066665649414062e+02
   -
      x: 7.2738592529296875e+02
      y: 2.2932363891601562e+02
      size: 1.1107863616943359e+02
      angle: 1.7093722534179688e+02
      response: 2.9579826514236629e-04
      octave: 7
      class_id: -1
      pt3d_x: 7.3933331298828125e+02
      pt3d_y: 2.8600000381469727e+01
      pt3d_z: 3.4466665649414062e+02
   -
      x: 8.3129821777343750e+02
      y: 6.6647180175781250e+02
      size: 1.1107863616943359e+02
      angle: 2.0154316711425781e+02
      response: 2.7110855444334447e-04
      octave: 7
      class_id: -1
      pt3d_x: 3.9133334350585938e+02
      pt3d_y: 2.7466667175292969e+01
      pt3d_z: 3.6466665649414062e+02
   -
      x: 7.6321771240234375e+02
      y: 6.5213909912109375e+02
      size: 1.1107863616943359e+02
      angle: 1.8854318237304688e+02
      response: 2.5386919151060283e-04
      octave: 7
      class_id: -1
      pt3d_x: 4.1833334350585938e+02
      pt3d_y: 3.1266668319702148e+01
      pt3d_z: 4.1566665649414062e+02
   -
      x: 7.4530181884765625e+02
      y: 6.7722137451171875e+02
      size: 1.1107863616943359e+02
      angle: 2.3069001770019531e+02
      response: 2.3100814723875374e-04
      octave: 7
      class_id: -1
      pt3d_x: 4.1233334350585938e+02
      pt3d_y: 2.7733335494995117e+01
      pt3d_z: 4.3666665649414062e+02
   -
      x: 3.0098727416992188e+02
      y: 1.1466181945800781e+02
      size: 1.1107863616943359e+02
      angle: 3.3070385742187500e+02
      response: 1.9845328642986715e-04
      octave: 7
      class_id: -1
      pt3d_x: 9.0533331298828125e+02
      pt3d_y: 2.4733331680297852e+01
      pt3d_z: 5.8766668701171875e+02
   -
      x: 7.2380273437500000e+02
      y: 6.0197454833984375e+02
      size: 1.1107863616943359e+02
      angle: 3.5856555175781250e+02
      response: 1.8585384532343596e-04
      octave: 7
      class_id: -1
      pt3d_x: 4.5966665649414062e+02
      pt3d_y: 2.4199998855590820e+01
      pt3d_z: 4.2233334350585938e+02
   -
      x: 7.8232800292968750e+02
      y: 5.0164544677734375e+02
      size: 9.2565528869628906e+01
      angle: 1.7515270996093750e+02
      response: 1.6756304830778390e-04
      octave: 6
      class_id: -1
      pt3d_x: 5.2133331298828125e+02
      pt3d_y: 2.9533334732055664e+01
      pt3d_z: 3.7566665649414062e+02
   -
      x: 2.0782455444335938e+02
      y: 4.5506408691406250e+02
      size: 1.1107863616943359e+02
      angle: 4.2800010681152344e+01
      response: 1.5993023407645524e-04
      octave: 7
      class_id: -1
      pt3d_x: 7.1633331298828125e+02
      pt3d_y: 21.
      pt3d_z: 7.4366668701171875e+02
   -
      x: 7.7038409423828125e+02
      y: 2.7232180786132812e+02
      size: 1.1107863616943359e+02
      angle: 1.6866880798339844e+02
      response: 1.5690285363234580e-04
      octave: 7
      class_id: -1
      pt3d_x: 6.9633331298828125e+02
      pt3d_y: 1.9600000381469727e+01
      pt3d_z: 3.1366665649414062e+02
   -
      x: 5.0881182861328125e+02
      y: 4.2281546020507812e+02
      size: 1.1107863616943359e+02
      angle: 2.2243835449218750e+02
      response: 1.3940127973910421e-04
      octave: 7
      class_id: -1
      pt3d_x: 6.5666668701171875e+02
      pt3d_y: 2.6866666793823242e+01
      pt3d_z: 5.1233331298828125e+02
   -
      x: 6.9872045898437500e+02
      y: 3.4936022949218750e+02
      size: 9.2565528869628906e+01
      angle: 1.7840856933593750e+02
      response: 1.3911421410739422e-04
      octave: 6
      class_id: -1
      pt3d_x: 6.7666668701171875e+02
      pt3d_y: 2.3933334350585938e+01
      pt3d_z: 3.8333334350585938e+02
   -
      x: 4.2998181152343750e+02
      y: 5.5897637939453125e+02
      size: 1.1107863616943359e+02
      angle: 2.5094395446777344e+02
      response: 1.3909181870985776e-04
      octave: 7
      class_id: -1
      pt3d_x: 5.7966668701171875e+02
      pt3d_y: 2.4666666030883789e+01
      pt3d_z: 6.2733331298828125e+02
   -
      x: 7.7755047607421875e+02
      y: 2.1140773010253906e+02
      size: 1.1107863616943359e+02
      angle: 1.5897508239746094e+02
      response: 1.2725724081974477e-04
      octave: 7
      class_id: -1
      pt3d_x: 7.5366668701171875e+02
      pt3d_y: 3.2333332061767578e+01
      pt3d_z: 3.2233334350585938e+02
   -
      x: 3.9713598632812500e+02
      y: 3.1054241943359375e+02
      size: 9.2565528869628906e+01
      angle: 2.0178439331054688e+02
      response: 1.2544343189802021e-04
      octave: 6
      class_id: -1
      pt3d_x: 7.6966668701171875e+02
      pt3d_y: 3.1866666793823242e+01
      pt3d_z: 5.6733331298828125e+02
   -
      x: 8.3846453857421875e+02
      y: 2.0782455444335938e+02
      size: 1.1107863616943359e+02
      angle: 1.3325503540039062e+02
      response: 1.2370647164061666e-04
      octave: 7
      class_id: -1
      pt3d_x: 7.2933331298828125e+02
      pt3d_y: 22.
      pt3d_z: 2.6466665649414062e+02
   -
      x: 6.2456848144531250e+02
      y: 8.7091217041015625e+01
      size: 7.7137939453125000e+01
      angle: 2.6176123046875000e+02
      response: 1.2332554615568370e-04
      octave: 5
      class_id: -1
      pt3d_x: 8.3766668701171875e+02
      pt3d_y: 1.3666666984558105e+01
      pt3d_z: 3.4033334350585938e+02
   -
      x: 7.0947003173828125e+02
      y: 6.7363818359375000e+02
      size: 1.1107863616943359e+02
      angle: 1.3743556213378906e+02
      response: 1.1483242269605398e-04
      octave: 7
      class_id: -1
      pt3d_x: 4.2966665649414062e+02
      pt3d_y: 2.3333333969116211e+01
      pt3d_z: 4.6833334350585938e+02
   -
      x: 8.5224969482421875e+02
      y: 6.3037451171875000e+02
      size: 6.4281608581542969e+01
      angle: 1.7428677368164062e+02
      response: 1.0951093281619251e-04
      octave: 4
      class_id: -1
      pt3d_x: 4.1066665649414062e+02
      pt3d_y: 2.0600000381469727e+01
      pt3d_z: 3.3433334350585938e+02
   -
      x: 3.4040228271484375e+02
      y: 3.1890319824218750e+02
      size: 1.1107863616943359e+02
      angle: 3.2445654296875000e+02
      response: 1.0853358980966732e-04
      octave: 7
      class_id: -1
      pt3d_x: 7.7166668701171875e+02
      pt3d_y: 2.1666666030883789e+01
      pt3d_z: 6.0833331298828125e+02
