%YAML:1.0
---
features:
   -
      x: 432.
      y: 582.
      size: 31.
      angle: 2.5952481079101562e+02
      response: 2.0376166794449091e-03
      octave: 0
      class_id: -1
      pt3d_x: 1.7939878845214844e+02
      pt3d_y: 3.3348033905029297e+01
      pt3d_z: 2.7325186157226562e+02
   -
      x: 6.1212689208984375e+02
      y: 5.3449127197265625e+02
      size: 9.2565528869628906e+01
      angle: 2.5804394531250000e+02
      response: 1.2068658834323287e-03
      octave: 6
      class_id: -1
      pt3d_x: 2.2295207214355469e+02
      pt3d_y: 2.1922269821166992e+01
      pt3d_z: 2.0341934204101562e+02
   -
      x: 3.1532000732421875e+02
      y: 5.0164544677734375e+02
      size: 1.1107863616943359e+02
      angle: 3.0769836425781250e+02
      response: 1.1016641510650516e-03
      octave: 7
      class_id: -1
      pt3d_x: 1.0089430999755859e+02
      pt3d_y: 2.0573432922363281e+01
      pt3d_z: 2.4794122314453125e+02
   -
      x: 264.
      y: 470.
      size: 31.
      angle: 3.1410440063476562e+02
      response: 9.1363623505458236e-04
      octave: 0
      class_id: -1
      pt3d_x: 7.3873809814453125e+01
      pt3d_y: 2.7731273651123047e+01
      pt3d_z: 2.4891658020019531e+02
   -
      x: 345.
      y: 533.
      size: 31.
      angle: 3.0527011108398438e+02
      response: 9.0987514704465866e-04
      octave: 0
      class_id: -1
      pt3d_x: 1.1835456848144531e+02
      pt3d_y: 1.1850189208984375e+01
      pt3d_z: 2.5058956909179688e+02
   -
      x: 8.1696545410156250e+02
      y: 4.7656320190429688e+02
      size: 1.1107863616943359e+02
      angle: 2.6151751708984375e+02
      response: 7.5283268233761191e-04
      octave: 7
      class_id: -1
      pt3d_x: 2.8452023315429688e+02
      pt3d_y: 8.3807373046875000e+00
      pt3d_z: 1.0507563018798828e+02
   -
      x: 850.
      y: 460.
      size: 31.
      angle: 2.4961259460449219e+02
      response: 5.3402344929054379e-04
      octave: 0
      class_id: -1
      pt3d_x: 2.9648226928710938e+02
      pt3d_y: 1.6295213699340820e+01
      pt3d_z: 9.5646545410156250e+01
   -
      x: 6.6647180175781250e+02
      y: 5.1597821044921875e+02
      size: 1.1107863616943359e+02
      angle: 2.4921684265136719e+02
      response: 4.2034921352751553e-04
      octave: 7
      class_id: -1
      pt3d_x: 2.3469262695312500e+02
      pt3d_y: 1.1952375411987305e+01
      pt3d_z: 1.7012435913085938e+02
   -
      x: 1.0749545288085938e+02
      y: 3.5533218383789062e+02
      size: 9.2565528869628906e+01
      angle: 3.0594198608398438e+02
      response: 2.9576750239357352e-04
      octave: 6
      class_id: -1
      pt3d_x: -4.4340487670898438e+02
      pt3d_y: -2.3625210571289062e+02
      pt3d_z: -4.3075855255126953e+01
   -
      x: 33.
      y: 280.
      size: 31.
      angle: 3.2738281250000000e+02
      response: 2.0184180175419897e-04
      octave: 0
      class_id: -1
      pt3d_x: -5.3204138183593750e+02
      pt3d_y: -1.7263252258300781e+02
      pt3d_z: -4.3339954376220703e+01
descriptors: !!opencv-matrix
   rows: 10
   cols: 32
   dt: u
   data: [ 72, 48, 25, 96, 32, 77, 81, 16, 105, 40, 52, 76, 159, 19, 0,
       16, 132, 148, 108, 8, 9, 96, 208, 0, 195, 249, 33, 50, 74, 128,
       67, 51, 2, 50, 118, 201, 66, 27, 169, 88, 124, 4, 114, 230, 77,
       142, 244, 180, 126, 157, 226, 129, 129, 243, 166, 192, 20, 0, 11,
       0, 109, 132, 103, 180, 24, 0, 6, 189, 31, 18, 169, 88, 22, 8, 214,
       98, 221, 243, 48, 196, 120, 92, 191, 137, 40, 209, 67, 156, 213,
       227, 234, 129, 54, 44, 57, 160, 41, 38, 104, 1, 116, 27, 98, 80,
       125, 44, 126, 231, 195, 8, 150, 80, 122, 140, 70, 44, 172, 176,
       69, 94, 102, 111, 32, 129, 103, 142, 90, 197, 91, 34, 82, 161, 35,
       29, 248, 64, 45, 76, 182, 239, 143, 10, 150, 148, 174, 133, 223,
       133, 140, 65, 197, 192, 150, 249, 10, 147, 78, 132, 11, 21, 88,
       32, 88, 225, 32, 72, 121, 16, 41, 36, 166, 9, 159, 3, 0, 16, 162,
       149, 109, 8, 8, 64, 193, 64, 215, 249, 34, 49, 96, 128, 71, 34,
       97, 34, 89, 161, 44, 9, 97, 64, 109, 32, 178, 72, 159, 2, 128,
       112, 170, 133, 78, 12, 137, 35, 97, 192, 148, 144, 35, 48, 64, 8,
       67, 33, 89, 32, 207, 165, 12, 10, 104, 8, 175, 224, 130, 73, 215,
       163, 80, 210, 98, 196, 127, 141, 13, 211, 221, 192, 220, 227, 207,
       16, 44, 164, 59, 0, 16, 54, 14, 125, 82, 131, 162, 120, 246, 168,
       242, 102, 65, 234, 164, 192, 249, 125, 110, 160, 173, 209, 205,
       29, 28, 226, 239, 132, 105, 32, 99, 135, 59, 7, 98, 77, 118, 27,
       238, 120, 117, 96, 254, 230, 75, 40, 182, 244, 126, 204, 22, 239,
       205, 178, 101, 206, 54, 108, 162, 128, 127, 190, 120, 149 ]
