%YAML:1.0
---
features:
   -
      x: 745.
      y: 621.
      size: 31.
      angle: 2.7566821289062500e+02
      response: 1.5682227676734328e-03
      octave: 0
      class_id: -1
      pt3d_x: 1.9666666030883789e+01
      pt3d_y: 3.9333332061767578e+01
      pt3d_z: 5.0133334350585938e+02
   -
      x: 864.
      y: 642.
      size: 31.
      angle: 2.7883178710937500e+02
      response: 1.5097528230398893e-03
      octave: 0
      class_id: -1
      pt3d_x: 1.0333333015441895e+01
      pt3d_y: 3.1399999618530273e+01
      pt3d_z: 4.6966665649414062e+02
   -
      x: 3.3840002441406250e+02
      y: 5.2320001220703125e+02
      size: 3.7200000762939453e+01
      angle: 2.8111248779296875e+02
      response: 1.4121588319540024e-03
      octave: 1
      class_id: -1
      pt3d_x: 7.3333334922790527e+00
      pt3d_y: 3.5933334350585938e+01
      pt3d_z: 8.8466668701171875e+02
   -
      x: 41.
      y: 397.
      size: 31.
      angle: 4.6850738525390625e+01
      response: 1.2864561285823584e-03
      octave: 0
      class_id: -1
      pt3d_x: 6.2333332061767578e+01
      pt3d_y: 3.4466667175292969e+01
      pt3d_z: 1.0746666259765625e+03
   -
      x: 413.
      y: 542.
      size: 31.
      angle: 2.8426187133789062e+02
      response: 1.2013580417260528e-03
      octave: 0
      class_id: -1
      pt3d_x: 2.3333332538604736e+00
      pt3d_y: 3.7466667175292969e+01
      pt3d_z: 8.3966668701171875e+02
   -
      x: 674.
      y: 599.
      size: 31.
      angle: 2.8072961425781250e+02
      response: 9.8442984744906425e-04
      octave: 0
      class_id: -1
      pt3d_x: 1.3333333730697632e+00
      pt3d_y: 2.9266668319702148e+01
      pt3d_z: 5.6366668701171875e+02
   -
      x: 377.
      y: 536.
      size: 31.
      angle: 2.7351516723632812e+02
      response: 9.7378052305430174e-04
      octave: 0
      class_id: -1
      pt3d_x: 3.3333332538604736e+00
      pt3d_y: 3.9400001525878906e+01
      pt3d_z: 8.5666668701171875e+02
   -
      x: 2.3290681457519531e+02
      y: 4.8372955322265625e+02
      size: 9.2565528869628906e+01
      angle: 2.7190530395507812e+02
      response: 9.4731710851192474e-04
      octave: 6
      class_id: -1
      pt3d_x: 4.6666665077209473e+00
      pt3d_y: 2.8266668319702148e+01
      pt3d_z: 9.4533331298828125e+02
   -
      x: 443.
      y: 550.
      size: 31.
      angle: 2.8857431030273438e+02
      response: 8.0486747901886702e-04
      octave: 0
      class_id: -1
      pt3d_x: 2.3333332538604736e+00
      pt3d_y: 3.6866664886474609e+01
      pt3d_z: 8.0266668701171875e+02
   -
      x: 785.
      y: 636.
      size: 31.
      angle: 2.8418688964843750e+02
      response: 6.1026989715173841e-04
      octave: 0
      class_id: -1
      pt3d_x: 3.3333332538604736e+00
      pt3d_y: 33.
      pt3d_z: 4.7366665649414062e+02
   -
      x: 63.
      y: 366.
      size: 31.
      angle: 4.2019142150878906e+01
      response: 5.2660109940916300e-04
      octave: 0
      class_id: -1
      pt3d_x: 1.0533333587646484e+02
      pt3d_y: 4.0733333587646484e+01
      pt3d_z: 1.0776666259765625e+03
   -
      x: 614.
      y: 591.
      size: 31.
      angle: 2.7461181640625000e+02
      response: 5.0124817062169313e-04
      octave: 0
      class_id: -1
      pt3d_x: 1.3333333015441895e+01
      pt3d_y: 4.3200000762939453e+01
      pt3d_z: 6.6066668701171875e+02
   -
      x: 305.
      y: 518.
      size: 31.
      angle: 2.7576046752929688e+02
      response: 3.9689397090114653e-04
      octave: 0
      class_id: -1
      pt3d_x: 6.3333334922790527e+00
      pt3d_y: 4.1733333587646484e+01
      pt3d_z: 9.0666668701171875e+02
   -
      x: 180.
      y: 492.
      size: 31.
      angle: 2.7680688476562500e+02
      response: 3.7805241299793124e-04
      octave: 0
      class_id: -1
      pt3d_x: 1.0666666984558105e+01
      pt3d_y: 4.1799999237060547e+01
      pt3d_z: 9.9133331298828125e+02
   -
      x: 8.9683209228515625e+02
      y: 6.5836804199218750e+02
      size: 5.3568004608154297e+01
      angle: 3.0113934326171875e+02
      response: 3.6267976975068450e-04
      octave: 3
      class_id: -1
      pt3d_x: 3.3333332538604736e+00
      pt3d_y: 3.9666667938232422e+01
      pt3d_z: 4.1466665649414062e+02
   -
      x: 86.
      y: 468.
      size: 31.
      angle: 2.6994506835937500e+02
      response: 2.2171510499902070e-04
      octave: 0
      class_id: -1
      pt3d_x: 3.3333334326744080e-01
      pt3d_y: 3.9200000762939453e+01
      pt3d_z: 1.0326666259765625e+03
   -
      x: 8.2114578247070312e+01
      y: 3.3841159057617188e+02
      size: 7.7137939453125000e+01
      angle: 4.5466072082519531e+01
      response: 1.9853289995808154e-04
      octave: 5
      class_id: -1
      pt3d_x: 1.3833332824707031e+02
      pt3d_y: 4.1333332061767578e+01
      pt3d_z: 1.0756666259765625e+03
   -
      x: 823.
      y: 650.
      size: 31.
      angle: 2.7443130493164062e+02
      response: 1.2392809730954468e-04
      octave: 0
      class_id: -1
      pt3d_x: 5.6666665077209473e+00
      pt3d_y: 3.4800003051757812e+01
      pt3d_z: 4.6433334350585938e+02
   -
      x: 5.4360003662109375e+02
      y: 5.8320001220703125e+02
      size: 3.7200000762939453e+01
      angle: 2.9026364135742188e+02
      response: 1.0406050569145009e-04
      octave: 1
      class_id: -1
      pt3d_x: 1.1333333015441895e+01
      pt3d_y: 4.7066665649414062e+01
      pt3d_z: 7.2566668701171875e+02
   -
      x: 2.4723954772949219e+02
      y: 3.9414999389648438e+02
      size: 1.1107863616943359e+02
      angle: 1.0693734741210938e+02
      response: 9.0200082922820002e-05
      octave: 7
      class_id: -1
      pt3d_x: 1.3333332824707031e+02
      pt3d_y: 3.8866668701171875e+01
      pt3d_z: 9.9866668701171875e+02
