%YAML:1.0
---
features:
   -
      x: 842.
      y: 422.
      size: 31.
      angle: 2.2851882934570312e+02
      response: 1.2129780370742083e-03
      octave: 0
      class_id: -1
      pt3d_x: 8.5297973632812500e+02
      pt3d_y: 2.3887224197387695e+01
      pt3d_z: 1.0678242187500000e+03
   -
      x: 864.
      y: 368.
      size: 31.
      angle: 1.9873658752441406e+02
      response: 1.0902459034696221e-03
      octave: 0
      class_id: -1
      pt3d_x: 1.2820772705078125e+03
      pt3d_y: -1.7219845581054688e+02
      pt3d_z: 1.2569345703125000e+03
   -
      x: 9.0475341796875000e+02
      y: 3.3741629028320312e+02
      size: 9.2565528869628906e+01
      angle: 2.3332444763183594e+02
      response: 7.7488215174525976e-04
      octave: 6
      class_id: -1
      pt3d_x: 1.2981280517578125e+03
      pt3d_y: -1.4439765930175781e+02
      pt3d_z: 1.2983559570312500e+03
   -
      x: 941.
      y: 265.
      size: 31.
      angle: 2.0095606994628906e+02
      response: 5.5131083354353905e-04
      octave: 0
      class_id: -1
      pt3d_x: 1.3354072265625000e+03
      pt3d_y: -7.9828079223632812e+01
      pt3d_z: 1.3366707763671875e+03
   -
      x: 4.4236804199218750e+02
      y: 5.3222406005859375e+02
      size: 5.3568004608154297e+01
      angle: 2.6527044677734375e+02
      response: 5.3973792819306254e-04
      octave: 3
      class_id: -1
      pt3d_x: 7.4045129394531250e+02
      pt3d_y: 3.5521671295166016e+01
      pt3d_z: 8.5434924316406250e+02
   -
      x: 920.
      y: 309.
      size: 31.
      angle: 2.0013766479492188e+02
      response: 4.5079109258949757e-04
      octave: 0
      class_id: -1
      pt3d_x: 1.3126254882812500e+03
      pt3d_y: -1.1928726959228516e+02
      pt3d_z: 1.3149244384765625e+03
   -
      x: 83.
      y: 530.
      size: 31.
      angle: 2.5581964111328125e+02
      response: 2.4386115546803921e-04
      octave: 0
      class_id: -1
      pt3d_x: 7.8114752197265625e+02
      pt3d_y: 5.1475801467895508e+00
      pt3d_z: 6.7380297851562500e+02
   -
      x: 797.
      y: 486.
      size: 31.
      angle: 2.4505377197265625e+02
      response: 2.3934125783853233e-04
      octave: 0
      class_id: -1
      pt3d_x: 7.7149200439453125e+02
      pt3d_y: 3.8446895599365234e+01
      pt3d_z: 1.0191673583984375e+03
   -
      x: 8.1696545410156250e+02
      y: 4.5148092651367188e+02
      size: 1.1107863616943359e+02
      angle: 2.2602816772460938e+02
      response: 2.2202471154741943e-04
      octave: 7
      class_id: -1
      pt3d_x: 8.2317993164062500e+02
      pt3d_y: 2.4319761276245117e+01
      pt3d_z: 1.0450295410156250e+03
   -
      x: 370.
      y: 524.
      size: 31.
      angle: 2.5178329467773438e+02
      response: 1.5507329953834414e-04
      octave: 0
      class_id: -1
      pt3d_x: 7.4740631103515625e+02
      pt3d_y: 3.4624263763427734e+01
      pt3d_z: 8.2163568115234375e+02
   -
      x: 2.8307138061523438e+02
      y: 4.9806228637695312e+02
      size: 1.1107863616943359e+02
      angle: 2.8602368164062500e+02
      response: 1.5134010754991323e-04
      octave: 7
      class_id: -1
      pt3d_x: 7.7113049316406250e+02
      pt3d_y: 3.1806879043579102e+01
      pt3d_z: 7.7764312744140625e+02
   -
      x: 6.9513726806640625e+02
      y: 5.2314453125000000e+02
      size: 1.1107863616943359e+02
      angle: 2.7496112060546875e+02
      response: 1.3097331975586712e-04
      octave: 7
      class_id: -1
      pt3d_x: 7.3187493896484375e+02
      pt3d_y: 4.7023200988769531e+01
      pt3d_z: 9.6357855224609375e+02
   -
      x: 737.
      y: 517.
      size: 31.
      angle: 2.3889115905761719e+02
      response: 1.2222869554534554e-04
      octave: 0
      class_id: -1
      pt3d_x: 7.4350616455078125e+02
      pt3d_y: 4.1463966369628906e+01
      pt3d_z: 9.8473437500000000e+02
   -
      x: 4.9268750000000000e+02
      y: 5.0761743164062500e+02
      size: 9.2565528869628906e+01
      angle: 2.5253260803222656e+02
      response: 9.8125899967271835e-05
      octave: 6
      class_id: -1
      pt3d_x: 7.5992883300781250e+02
      pt3d_y: 3.4819442749023438e+01
      pt3d_z: 8.7631933593750000e+02
   -
      x: 5.0400001525878906e+01
      y: 5.2440002441406250e+02
      size: 3.7200000762939453e+01
      angle: 2.8219445800781250e+02
      response: 9.7717653261497617e-05
      octave: 1
      class_id: -1
      pt3d_x: 7.7835998535156250e+02
      pt3d_y: 1.0979434013366699e+01
      pt3d_z: 6.5996893310546875e+02
   -
      x: 682.
      y: 419.
      size: 31.
      angle: 3.1027206420898438e+02
      response: 9.3447997642215341e-05
      octave: 0
      class_id: -1
      pt3d_x: 8.3491851806640625e+02
      pt3d_y: 3.6745117187500000e+01
      pt3d_z: 9.7579370117187500e+02
   -
      x: 7.0128002929687500e+02
      y: 4.7232000732421875e+02
      size: 4.4640003204345703e+01
      angle: 2.2913491821289062e+02
      response: 8.2128623034805059e-05
      octave: 2
      class_id: -1
      pt3d_x: 7.7445922851562500e+02
      pt3d_y: 4.4341636657714844e+01
      pt3d_z: 9.7410534667968750e+02
   -
      x: 3.7981729125976562e+02
      y: 4.7298001098632812e+02
      size: 1.1107863616943359e+02
      angle: 2.7206982421875000e+02
      response: 6.7815890361089259e-05
      octave: 7
      class_id: -1
      pt3d_x: 7.9501556396484375e+02
      pt3d_y: 3.0306999206542969e+01
      pt3d_z: 8.2023962402343750e+02
   -
      x: 8.1043206787109375e+02
      y: 3.2313601684570312e+02
      size: 5.3568004608154297e+01
      angle: 1.7759803771972656e+02
      response: 6.6049404267687351e-05
      octave: 3
      class_id: -1
      pt3d_x: 9.5962084960937500e+02
      pt3d_y: 3.3074626922607422e+01
      pt3d_z: 1.0784224853515625e+03
   -
      x: 7.1962231445312500e+02
      y: 4.2102386474609375e+02
      size: 9.2565528869628906e+01
      angle: 2.2911967468261719e+02
      response: 6.5425963839516044e-05
      octave: 6
      class_id: -1
      pt3d_x: 8.3624060058593750e+02
      pt3d_y: 3.4709392547607422e+01
      pt3d_z: 9.9575872802734375e+02
