%YAML:1.0
---
features:
   -
      x: 441.
      y: 747.
      size: 31.
      angle: 2.4451741027832031e+02
      response: 1.0238599497824907e-03
      octave: 0
      class_id: -1
      pt3d_x: 5.7263281250000000e+02
      pt3d_y: 2.3225658416748047e+01
      pt3d_z: 5.6783422851562500e+02
   -
      x: 6.5691662597656250e+02
      y: 6.7184655761718750e+02
      size: 7.7137939453125000e+01
      angle: 2.6001123046875000e+02
      response: 9.7591808298602700e-04
      octave: 5
      class_id: -1
      pt3d_x: 4.7213043212890625e+02
      pt3d_y: 1.4856472969055176e+01
      pt3d_z: 4.4339111328125000e+02
   -
      x: 7.6680090332031250e+02
      y: 6.4497271728515625e+02
      size: 1.1107863616943359e+02
      angle: 2.5537692260742188e+02
      response: 8.2431430928409100e-04
      octave: 7
      class_id: -1
      pt3d_x: 4.2732327270507812e+02
      pt3d_y: 1.6936901092529297e+01
      pt3d_z: 3.7458575439453125e+02
   -
      x: 361.
      y: 768.
      size: 31.
      angle: 2.5520007324218750e+02
      response: 6.3844030955806375e-04
      octave: 0
      class_id: -1
      pt3d_x: 6.0360961914062500e+02
      pt3d_y: 2.3806770324707031e+01
      pt3d_z: 6.1363574218750000e+02
   -
      x: 608.
      y: 697.
      size: 31.
      angle: 2.3244631958007812e+02
      response: 3.8717794814147055e-04
      octave: 0
      class_id: -1
      pt3d_x: 5.0089227294921875e+02
      pt3d_y: 1.4856331825256348e+01
      pt3d_z: 4.7019903564453125e+02
   -
      x: 1.1280000305175781e+02
      y: 7.4640002441406250e+02
      size: 3.7200000762939453e+01
      angle: 3.3176217651367188e+02
      response: 3.3758222707547247e-04
      octave: 1
      class_id: -1
      pt3d_x: 6.4896392822265625e+02
      pt3d_y: 1.8343769073486328e+01
      pt3d_z: 7.8077539062500000e+02
   -
      x: 6.9120007324218750e+02
      y: 6.6528009033203125e+02
      size: 5.3568004608154297e+01
      angle: 2.5746054077148438e+02
      response: 2.9323497437871993e-04
      octave: 3
      class_id: -1
      pt3d_x: 4.6167337036132812e+02
      pt3d_y: 2.4241046905517578e+01
      pt3d_z: 4.2223178100585938e+02
   -
      x: 944.
      y: 591.
      size: 31.
      angle: 2.8308160400390625e+02
      response: 2.7590538957156241e-04
      octave: 0
      class_id: -1
      pt3d_x: 3.4720993041992188e+02
      pt3d_y: 2.2833126068115234e+01
      pt3d_z: 2.6263760375976562e+02
   -
      x: 6.7219207763671875e+02
      y: 6.3072003173828125e+02
      size: 5.3568004608154297e+01
      angle: 5.2391628265380859e+01
      response: 2.4143393966369331e-04
      octave: 3
      class_id: -1
      pt3d_x: 4.3902120971679688e+02
      pt3d_y: 9.9840936660766602e+00
      pt3d_z: 4.4007608032226562e+02
   -
      x: 7.4649621582031250e+02
      y: 1.0152348327636719e+02
      size: 9.2565528869628906e+01
      angle: 1.8325399780273438e+02
      response: 2.3040216183289886e-04
      octave: 6
      class_id: -1
      pt3d_x: -1.2880140686035156e+02
      pt3d_y: -5.5881965637207031e+01
      pt3d_z: 5.0921783447265625e+02
descriptors: !!opencv-matrix
   rows: 10
   cols: 32
   dt: u
   data: [ 98, 48, 59, 152, 40, 197, 145, 72, 142, 76, 128, 43, 148, 214,
       32, 16, 204, 49, 123, 1, 2, 3, 250, 209, 145, 48, 11, 58, 16, 8,
       37, 115, 50, 52, 205, 253, 124, 75, 194, 104, 22, 160, 210, 235,
       243, 125, 144, 32, 89, 220, 127, 33, 41, 242, 91, 31, 180, 166,
       233, 188, 125, 40, 80, 176, 35, 2, 174, 29, 124, 155, 184, 104,
       222, 236, 210, 167, 192, 232, 182, 64, 221, 237, 235, 37, 164,
       243, 79, 221, 92, 58, 235, 145, 93, 44, 121, 196, 18, 2, 70, 137,
       78, 11, 184, 72, 28, 36, 210, 231, 205, 202, 180, 64, 126, 221,
       171, 133, 132, 179, 71, 200, 148, 34, 138, 0, 53, 12, 49, 148, 64,
       50, 2, 60, 40, 137, 17, 72, 174, 252, 132, 173, 230, 198, 66, 86,
       133, 117, 234, 4, 6, 67, 234, 81, 216, 48, 15, 63, 8, 4, 7, 83,
       33, 0, 103, 77, 84, 15, 227, 120, 118, 96, 114, 76, 83, 224, 180,
       116, 88, 204, 34, 44, 169, 242, 125, 30, 20, 46, 97, 0, 89, 136,
       112, 164, 1, 2, 239, 221, 126, 139, 171, 120, 124, 64, 114, 230,
       81, 236, 180, 96, 126, 108, 62, 173, 165, 241, 37, 92, 4, 42, 235,
       128, 125, 168, 113, 213, 33, 87, 97, 69, 118, 10, 239, 112, 117,
       104, 126, 230, 83, 33, 148, 244, 126, 204, 22, 238, 201, 178, 101,
       204, 38, 44, 160, 128, 111, 186, 114, 181, 58, 50, 162, 152, 79,
       245, 145, 73, 23, 61, 213, 59, 8, 156, 110, 141, 236, 153, 247,
       145, 142, 119, 226, 208, 31, 81, 219, 255, 211, 12, 62, 215, 217,
       76, 84, 255, 45, 154, 76, 182, 253, 18, 182, 16, 239, 59, 177,
       247, 66, 228, 124, 106, 105, 236, 83, 191, 167, 251, 195, 17, 62,
       184, 72, 40 ]
