%YAML:1.0
---
features:
   -
      x: 1.9920001220703125e+02
      y: 6.2520001220703125e+02
      size: 3.7200000762939453e+01
      angle: 2.7213412475585938e+02
      response: 1.6665629809722304e-03
      octave: 1
      class_id: -1
      pt3d_x: 1.5533332824707031e+02
      pt3d_y: 3.9666667938232422e+01
      pt3d_z: 3.2266665649414062e+02
   -
      x: 4.8771084594726562e+02
      y: 5.9719696044921875e+02
      size: 7.7137939453125000e+01
      angle: 2.8145065307617188e+02
      response: 8.5484981536865234e-04
      octave: 5
      class_id: -1
      pt3d_x: 4.1166665649414062e+02
      pt3d_y: 2.8866666793823242e+01
      pt3d_z: 1.6633332824707031e+02
   -
      x: 387.
      y: 597.
      size: 31.
      angle: 2.7964938354492188e+02
      response: 7.5311906402930617e-04
      octave: 0
      class_id: -1
      pt3d_x: 3.3466665649414062e+02
      pt3d_y: 3.2066669464111328e+01
      pt3d_z: 2.5433332824707031e+02
   -
      x: 7.8105609130859375e+02
      y: 5.7542407226562500e+02
      size: 5.3568004608154297e+01
      angle: 2.5482321166992188e+02
      response: 6.7456602118909359e-04
      octave: 3
      class_id: -1
      pt3d_x: 6.1533331298828125e+02
      pt3d_y: 1.3400000572204590e+01
      pt3d_z: 1.0766666412353516e+02
   -
      x: 878.
      y: 368.
      size: 31.
      angle: 2.3025440979003906e+02
      response: 6.5703818108886480e-04
      octave: 0
      class_id: -1
      pt3d_x: 8.4266668701171875e+02
      pt3d_y: 2.2733331680297852e+01
      pt3d_z: 2.1233332824707031e+02
   -
      x: 9.8400001525878906e+01
      y: 6.2760003662109375e+02
      size: 3.7200000762939453e+01
      angle: 2.6986685180664062e+02
      response: 6.2975258333608508e-04
      octave: 1
      class_id: -1
      pt3d_x: 6.0333332061767578e+01
      pt3d_y: 4.2466667175292969e+01
      pt3d_z: 3.9366665649414062e+02
   -
      x: 3.3720001220703125e+02
      y: 618.
      size: 3.7200000762939453e+01
      angle: 2.6637881469726562e+02
      response: 5.4448010632768273e-04
      octave: 1
      class_id: -1
      pt3d_x: 2.6233334350585938e+02
      pt3d_y: 3.3266666412353516e+01
      pt3d_z: 2.3966667175292969e+02
   -
      x: 5.6255957031250000e+02
      y: 5.8405865478515625e+02
      size: 1.1107863616943359e+02
      angle: 2.6938952636718750e+02
      response: 5.1942054415121675e-04
      octave: 7
      class_id: -1
      pt3d_x: 5.0666665649414062e+02
      pt3d_y: 2.9600000381469727e+01
      pt3d_z: 1.2833332824707031e+02
   -
      x: 7.4530181884765625e+02
      y: 4.9089590454101562e+02
      size: 1.1107863616943359e+02
      angle: 2.1931665039062500e+02
      response: 4.4577289372682571e-04
      octave: 7
      class_id: -1
      pt3d_x: 3.3333334326744080e-01
      pt3d_y: 3.6133335113525391e+01
      pt3d_z: 6.6666668653488159e-01
   -
      x: 6.1272412109375000e+02
      y: 5.6255957031250000e+02
      size: 1.1107863616943359e+02
      angle: 2.3714743041992188e+02
      response: 3.9519311394542456e-04
      octave: 7
      class_id: -1
      pt3d_x: 5.6333331298828125e+02
      pt3d_y: 3.1200002670288086e+01
      pt3d_z: 1.4566667175292969e+02
   -
      x: 4.2998181152343750e+02
      y: 2.4365637207031250e+02
      size: 1.1107863616943359e+02
      angle: 2.8648193359375000e+02
      response: 3.4089793916791677e-04
      octave: 7
      class_id: -1
      pt3d_x: 6.5733331298828125e+02
      pt3d_y: 2.6933334350585938e+01
      pt3d_z: 5.1566668701171875e+02
   -
      x: 606.
      y: 605.
      size: 31.
      angle: 2.6630014038085938e+02
      response: 3.3528267522342503e-04
      octave: 0
      class_id: -1
      pt3d_x: 6.8633331298828125e+02
      pt3d_y: 2.6733335494995117e+01
      pt3d_z: 1.3766667175292969e+02
   -
      x: 5.2553332519531250e+02
      y: 5.4643524169921875e+02
      size: 9.2565528869628906e+01
      angle: 1.3008319091796875e+02
      response: 3.2614904921501875e-04
      octave: 6
      class_id: -1
      pt3d_x: 4.8233334350585938e+02
      pt3d_y: 2.9666666030883789e+01
      pt3d_z: 2.1766667175292969e+02
   -
      x: 3.8361602783203125e+02
      y: 4.6310403442382812e+02
      size: 5.3568004608154297e+01
      angle: 2.5940655517578125e+02
      response: 3.2472974271513522e-04
      octave: 3
      class_id: -1
      pt3d_x: 4.6933334350585938e+02
      pt3d_y: 3.0266668319702148e+01
      pt3d_z: 3.9266665649414062e+02
   -
      x: 4.5864727783203125e+02
      y: 5.7689227294921875e+02
      size: 1.1107863616943359e+02
      angle: 2.7579840087890625e+02
      response: 3.1432163086719811e-04
      octave: 7
      class_id: -1
      pt3d_x: 3.9833334350585938e+02
      pt3d_y: 2.7800001144409180e+01
      pt3d_z: 2.0966667175292969e+02
   -
      x: 720.
      y: 591.
      size: 31.
      angle: 2.8532043457031250e+02
      response: 3.1335861422121525e-04
      octave: 0
      class_id: -1
      pt3d_x: 3.3333334326744080e-01
      pt3d_y: 3.6133335113525391e+01
      pt3d_z: 6.6666668653488159e-01
   -
      x: 6.7363818359375000e+02
      y: 3.3681909179687500e+02
      size: 1.1107863616943359e+02
      angle: 2.4812451171875000e+02
      response: 3.1070687691681087e-04
      octave: 7
      class_id: -1
      pt3d_x: 7.4433331298828125e+02
      pt3d_y: 2.8399999618530273e+01
      pt3d_z: 3.3766665649414062e+02
   -
      x: 3.2140805053710938e+02
      y: 4.7485446166992188e+02
      size: 6.4281608581542969e+01
      angle: 2.6482675170898438e+02
      response: 2.9102936969138682e-04
      octave: 4
      class_id: -1
      pt3d_x: 4.2233334350585938e+02
      pt3d_y: 3.0866666793823242e+01
      pt3d_z: 4.1366665649414062e+02
   -
      x: 5.2005902099609375e+02
      y: 5.9968524169921875e+02
      size: 7.7137939453125000e+01
      angle: 2.6457119750976562e+02
      response: 2.7371814940124750e-04
      octave: 5
      class_id: -1
      pt3d_x: 4.4966665649414062e+02
      pt3d_y: 3.1866668701171875e+01
      pt3d_z: 1.5633332824707031e+02
   -
      x: 5.3747729492187500e+02
      y: 2.5798910522460938e+02
      size: 1.1107863616943359e+02
      angle: 2.4764773559570312e+02
      response: 2.6344342040829360e-04
      octave: 7
      class_id: -1
      pt3d_x: 7.0166668701171875e+02
      pt3d_y: 2.4666666030883789e+01
      pt3d_z: 4.6333334350585938e+02
