%YAML:1.0
---
features:
   -
      x: 2.0065818786621094e+02
      y: 5.0522863769531250e+02
      size: 1.1107863616943359e+02
      angle: 2.6729943847656250e+02
      response: 6.4901403675321490e-05
      octave: 7
      class_id: -1
      pt3d_x: 6.2899017333984375e+02
      pt3d_y: 2.7064163208007812e+01
      pt3d_z: 5.7320092773437500e+02
   -
      x: 3.2965274047851562e+02
      y: 5.3389410400390625e+02
      size: 1.1107863616943359e+02
      angle: 2.0663609313964844e+02
      response: 6.4388863393105567e-05
      octave: 7
      class_id: -1
      pt3d_x: 5.9879699707031250e+02
      pt3d_y: 2.5663038253784180e+01
      pt3d_z: 5.9689062500000000e+02
   -
      x: 2.2932363891601562e+02
      y: 6.2347363281250000e+02
      size: 1.1107863616943359e+02
      angle: 3.3926266479492188e+02
      response: 5.1901031838497147e-05
      octave: 7
      class_id: -1
      pt3d_x: 5.9401617431640625e+02
      pt3d_y: 3.3948074340820312e+01
      pt3d_z: 5.6147589111328125e+02
   -
      x: 1.5407681274414062e+02
      y: 5.2314453125000000e+02
      size: 1.1107863616943359e+02
      angle: 2.4012763977050781e+02
      response: 4.5075485104462132e-05
      octave: 7
      class_id: -1
      pt3d_x: 6.3507904052734375e+02
      pt3d_y: 2.2122594833374023e+01
      pt3d_z: 5.5943994140625000e+02
   -
      x: 6.3064001464843750e+02
      y: 5.6255957031250000e+02
      size: 1.1107863616943359e+02
      angle: 2.3560818481445312e+02
      response: 3.3395750506315380e-05
      octave: 7
      class_id: -1
      pt3d_x: 5.3668194580078125e+02
      pt3d_y: 3.0744054794311523e+01
      pt3d_z: 6.5645025634765625e+02
   -
      x: 6.7781854248046875e+02
      y: 6.9274847412109375e+02
      size: 9.2565528869628906e+01
      angle: 2.6748962402343750e+02
      response: 3.0349550797836855e-05
      octave: 6
      class_id: -1
      pt3d_x: 5.0289700317382812e+02
      pt3d_y: 2.9852119445800781e+01
      pt3d_z: 6.4260852050781250e+02
   -
      x: 5.0522863769531250e+02
      y: 6.0197454833984375e+02
      size: 1.1107863616943359e+02
      angle: 1.9838594055175781e+02
      response: 2.8352400477160700e-05
      octave: 7
      class_id: -1
      pt3d_x: 5.5194714355468750e+02
      pt3d_y: 2.0904813766479492e+01
      pt3d_z: 6.2368560791015625e+02
   -
      x: 4.3893975830078125e+02
      y: 6.9872045898437500e+02
      size: 9.2565528869628906e+01
      angle: 2.9920590209960938e+02
      response: 2.8323011065367609e-05
      octave: 6
      class_id: -1
      pt3d_x: 5.4437615966796875e+02
      pt3d_y: 1.0413736343383789e+01
      pt3d_z: 5.9225616455078125e+02
   -
      x: 4.8671551513671875e+02
      y: 5.4942120361328125e+02
      size: 9.2565528869628906e+01
      angle: 1.8285536193847656e+02
      response: 2.6831177819985896e-05
      octave: 6
      class_id: -1
      pt3d_x: 5.6813427734375000e+02
      pt3d_y: 1.3550698280334473e+01
      pt3d_z: 6.2994171142578125e+02
   -
      x: 7.4351019287109375e+02
      y: 6.6587463378906250e+02
      size: 9.2565528869628906e+01
      angle: 2.4386019897460938e+02
      response: 2.6587118554743938e-05
      octave: 6
      class_id: -1
      pt3d_x: 4.9692828369140625e+02
      pt3d_y: 3.4371315002441406e+01
      pt3d_z: 6.6004888916015625e+02
descriptors: !!opencv-matrix
   rows: 10
   cols: 32
   dt: u
   data: [ 218, 158, 19, 184, 147, 216, 56, 103, 189, 7, 66, 179, 173,
       190, 32, 208, 167, 59, 175, 145, 114, 157, 0, 223, 185, 231, 30,
       195, 34, 4, 165, 123, 206, 152, 63, 218, 89, 245, 57, 66, 191, 23,
       229, 16, 172, 223, 46, 93, 205, 187, 251, 144, 50, 79, 122, 247,
       95, 243, 218, 75, 146, 5, 39, 242, 188, 133, 20, 171, 157, 127,
       86, 237, 55, 49, 207, 19, 207, 115, 9, 196, 121, 222, 175, 242,
       62, 178, 89, 183, 187, 247, 199, 85, 182, 255, 188, 2, 38, 174,
       103, 205, 82, 163, 107, 123, 55, 164, 125, 194, 73, 231, 164, 180,
       127, 252, 131, 168, 176, 154, 44, 223, 63, 46, 131, 196, 167, 230,
       38, 245, 54, 251, 56, 170, 61, 149, 219, 248, 143, 124, 148, 47,
       172, 223, 126, 0, 206, 9, 151, 87, 198, 43, 10, 245, 218, 217,
       171, 255, 30, 143, 29, 223, 227, 178, 122, 81, 110, 217, 249, 87,
       251, 127, 116, 185, 159, 157, 214, 59, 175, 29, 215, 13, 230, 126,
       230, 209, 86, 89, 114, 175, 71, 132, 71, 255, 175, 124, 172, 177,
       157, 255, 221, 159, 158, 255, 148, 31, 155, 60, 87, 143, 201, 110,
       255, 21, 191, 124, 123, 146, 239, 223, 223, 245, 154, 124, 220,
       218, 184, 221, 122, 254, 93, 211, 215, 246, 149, 68, 252, 3, 123,
       223, 50, 65, 248, 186, 147, 227, 108, 187, 58, 191, 243, 239, 131,
       9, 55, 26, 124, 250, 31, 159, 126, 235, 183, 182, 255, 247, 109,
       77, 222, 247, 221, 126, 190, 224, 255, 19, 159, 189, 183, 153, 53,
       255, 239, 255, 174, 195, 191, 207, 189, 87, 80, 74, 25, 173, 44,
       13, 233, 68, 143, 58, 178, 74, 191, 139, 65, 74, 200, 165, 127,
       73, 72, 39, 195, 208, 213, 184, 250, 56, 20, 56, 17, 42 ]
