%YAML:1.0
---
features:
   -
      x: 954.
      y: 723.
      size: 31.
      angle: 2.7630694580078125e+02
      response: 2.4167224764823914e-03
      octave: 0
      class_id: -1
      pt3d_x: 4.1301315307617188e+02
      pt3d_y: 4.6440994262695312e+01
      pt3d_z: 7.3537933349609375e+02
   -
      x: 8.0263275146484375e+02
      y: 6.7363818359375000e+02
      size: 1.1107863616943359e+02
      angle: 2.7450384521484375e+02
      response: 1.2576353037729859e-03
      octave: 7
      class_id: -1
      pt3d_x: 3.7310824584960938e+02
      pt3d_y: 4.2863460540771484e+01
      pt3d_z: 7.5513812255859375e+02
   -
      x: 141.
      y: 502.
      size: 31.
      angle: 2.7900125122070312e+02
      response: 9.9735893309116364e-04
      octave: 0
      class_id: -1
      pt3d_x: 1.7979405212402344e+02
      pt3d_y: 4.9763305664062500e+01
      pt3d_z: 9.0179541015625000e+02
   -
      x: 650.
      y: 638.
      size: 31.
      angle: 2.7496231079101562e+02
      response: 9.5261645037680864e-04
      octave: 0
      class_id: -1
      pt3d_x: 3.3097399902343750e+02
      pt3d_y: 3.6577606201171875e+01
      pt3d_z: 7.8079443359375000e+02
   -
      x: 8.3400006103515625e+02
      y: 6.9120001220703125e+02
      size: 3.7200000762939453e+01
      angle: 2.8670989990234375e+02
      response: 8.8452210184186697e-04
      octave: 1
      class_id: -1
      pt3d_x: 3.8390597534179688e+02
      pt3d_y: 4.3857685089111328e+01
      pt3d_z: 7.5321307373046875e+02
   -
      x: 186.
      y: 513.
      size: 31.
      angle: 2.8072402954101562e+02
      response: 8.2095252582803369e-04
      octave: 0
      class_id: -1
      pt3d_x: 1.9537582397460938e+02
      pt3d_y: 4.9648990631103516e+01
      pt3d_z: 8.9008807373046875e+02
   -
      x: 576.
      y: 603.
      size: 31.
      angle: 2.6987207031250000e+02
      response: 6.7332468461245298e-04
      octave: 0
      class_id: -1
      pt3d_x: 3.0938302612304688e+02
      pt3d_y: 4.3882255554199219e+01
      pt3d_z: 7.9590722656250000e+02
   -
      x: 707.
      y: 662.
      size: 31.
      angle: 2.9034417724609375e+02
      response: 5.6274072267115116e-04
      octave: 0
      class_id: -1
      pt3d_x: 3.5031958007812500e+02
      pt3d_y: 3.8430652618408203e+01
      pt3d_z: 7.7360925292968750e+02
   -
      x: 476.
      y: 589.
      size: 31.
      angle: 2.7325662231445312e+02
      response: 4.6763403224758804e-04
      octave: 0
      class_id: -1
      pt3d_x: 2.8131188964843750e+02
      pt3d_y: 4.0055206298828125e+01
      pt3d_z: 8.1824334716796875e+02
   -
      x: 8.7091209411621094e+01
      y: 4.8314886474609375e+02
      size: 6.4281608581542969e+01
      angle: 2.8660064697265625e+02
      response: 3.7291613989509642e-04
      octave: 4
      class_id: -1
      pt3d_x: 1.5279171752929688e+02
      pt3d_y: 4.6794136047363281e+01
      pt3d_z: 9.1484783935546875e+02
descriptors: !!opencv-matrix
   rows: 10
   cols: 32
   dt: u
   data: [ 8, 140, 6, 190, 116, 131, 167, 226, 156, 2, 66, 66, 244, 243,
       32, 193, 89, 122, 59, 3, 33, 217, 26, 191, 172, 39, 251, 0, 28,
       40, 57, 168, 43, 144, 62, 152, 109, 215, 177, 216, 158, 92, 212,
       39, 252, 222, 38, 100, 221, 57, 187, 5, 135, 67, 122, 213, 95, 51,
       139, 191, 26, 12, 53, 247, 16, 0, 6, 137, 77, 3, 168, 72, 143, 4,
       210, 3, 200, 154, 32, 64, 232, 141, 106, 128, 0, 179, 67, 208,
       149, 32, 139, 11, 21, 8, 113, 130, 58, 28, 106, 254, 87, 215, 186,
       120, 151, 72, 218, 35, 120, 252, 54, 96, 252, 185, 151, 161, 172,
       179, 56, 255, 243, 127, 171, 131, 61, 46, 48, 215, 82, 2, 7, 137,
       15, 14, 105, 64, 45, 36, 210, 71, 206, 135, 20, 212, 106, 141,
       111, 12, 8, 131, 225, 192, 149, 112, 138, 146, 38, 12, 53, 101,
       112, 34, 19, 160, 77, 73, 64, 64, 45, 4, 162, 75, 6, 2, 4, 16,
       232, 133, 110, 0, 8, 35, 208, 192, 145, 176, 2, 19, 65, 8, 102, 6,
       10, 152, 46, 190, 93, 209, 176, 194, 158, 92, 84, 3, 236, 254, 38,
       64, 249, 123, 179, 129, 38, 219, 58, 253, 95, 115, 219, 139, 22,
       12, 61, 218, 59, 48, 70, 201, 110, 27, 232, 72, 127, 96, 244, 162,
       25, 218, 182, 228, 122, 156, 182, 136, 141, 178, 119, 208, 22,
       249, 130, 1, 127, 140, 106, 148, 73, 50, 237, 101, 104, 91, 105,
       24, 114, 252, 86, 236, 219, 229, 210, 182, 23, 76, 252, 13, 131,
       208, 255, 25, 78, 107, 101, 180, 110, 164, 91, 245, 18, 2, 22,
       153, 78, 130, 168, 72, 190, 0, 194, 195, 204, 194, 32, 64, 122,
       61, 106, 129, 4, 147, 7, 220, 148, 34, 203, 3, 53, 8, 33, 130 ]
