%YAML:1.0
---
features:
   -
      x: 379.
      y: 431.
      size: 31.
      angle: 2.1692892456054688e+02
      response: 1.1894368799403310e-03
      octave: 0
      class_id: -1
      pt3d_x: 7.6226159667968750e+02
      pt3d_y: 3.8088970184326172e+01
      pt3d_z: 1.0229274902343750e+03
   -
      x: 3.3720001220703125e+02
      y: 4.7160000610351562e+02
      size: 3.7200000762939453e+01
      angle: 2.4667333984375000e+02
      response: 1.0807005455717444e-03
      octave: 1
      class_id: -1
      pt3d_x: 7.4146771240234375e+02
      pt3d_y: 4.0659812927246094e+01
      pt3d_z: 9.8529418945312500e+02
   -
      x: 4.2639865112304688e+02
      y: 4.2281546020507812e+02
      size: 1.1107863616943359e+02
      angle: 2.5455783081054688e+02
      response: 6.4403371652588248e-04
      octave: 7
      class_id: -1
      pt3d_x: 7.7160681152343750e+02
      pt3d_y: 2.5012617111206055e+01
      pt3d_z: 1.0589609375000000e+03
   -
      x: 484.
      y: 378.
      size: 31.
      angle: 2.3753045654296875e+02
      response: 4.7478900523856282e-04
      octave: 0
      class_id: -1
      pt3d_x: 1.0824089355468750e+03
      pt3d_y: -1.8117330932617188e+02
      pt3d_z: 1.3509436035156250e+03
   -
      x: 307.
      y: 495.
      size: 31.
      angle: 2.4110650634765625e+02
      response: 3.3123104367405176e-04
      octave: 0
      class_id: -1
      pt3d_x: 7.2488665771484375e+02
      pt3d_y: 4.7396808624267578e+01
      pt3d_z: 9.6015356445312500e+02
   -
      x: 2.7360000610351562e+02
      y: 5.0760000610351562e+02
      size: 3.7200000762939453e+01
      angle: 2.6079101562500000e+02
      response: 2.1885398018639535e-04
      octave: 1
      class_id: -1
      pt3d_x: 7.2993011474609375e+02
      pt3d_y: 4.4815032958984375e+01
      pt3d_z: 9.4563415527343750e+02
   -
      x: 243.
      y: 507.
      size: 31.
      angle: 2.8065551757812500e+02
      response: 1.7210845544468611e-04
      octave: 0
      class_id: -1
      pt3d_x: 7.4238989257812500e+02
      pt3d_y: 4.1857700347900391e+01
      pt3d_z: 9.3702899169921875e+02
   -
      x: 1.4631326293945312e+02
      y: 5.1956134033203125e+02
      size: 9.2565528869628906e+01
      angle: 2.9504260253906250e+02
      response: 1.6583719116169959e-04
      octave: 6
      class_id: -1
      pt3d_x: 7.7890093994140625e+02
      pt3d_y: 2.9606111526489258e+01
      pt3d_z: 9.0497070312500000e+02
   -
      x: 362.
      y: 384.
      size: 31.
      angle: 2.1440101623535156e+02
      response: 1.2691822485066950e-04
      octave: 0
      class_id: -1
      pt3d_x: 8.4409423828125000e+02
      pt3d_y: 1.6150032043457031e+01
      pt3d_z: 1.0637882080078125e+03
   -
      x: 1.8864001464843750e+02
      y: 4.7232000732421875e+02
      size: 4.4640003204345703e+01
      angle: 2.5663598632812500e+02
      response: 1.0054957965621725e-04
      octave: 2
      class_id: -1
      pt3d_x: 8.1028521728515625e+02
      pt3d_y: 2.4506452560424805e+01
      pt3d_z: 9.3877520751953125e+02
descriptors: !!opencv-matrix
   rows: 10
   cols: 32
   dt: u
   data: [ 34, 160, 38, 154, 77, 213, 152, 200, 159, 148, 128, 15, 172,
       204, 126, 132, 217, 43, 251, 21, 6, 99, 218, 241, 29, 16, 143,
       127, 18, 12, 29, 198, 19, 130, 71, 159, 94, 147, 186, 200, 158,
       64, 82, 231, 109, 202, 178, 196, 127, 107, 191, 133, 39, 145, 15,
       255, 180, 38, 171, 139, 61, 12, 57, 149, 96, 32, 121, 97, 108, 13,
       97, 16, 105, 40, 244, 8, 155, 25, 148, 48, 138, 128, 70, 8, 128,
       50, 240, 64, 87, 217, 33, 48, 66, 136, 66, 161, 3, 152, 23, 155,
       107, 213, 184, 198, 158, 89, 208, 231, 172, 222, 38, 196, 231, 43,
       251, 5, 135, 73, 82, 241, 132, 50, 26, 186, 28, 12, 41, 223, 65,
       32, 125, 225, 108, 15, 105, 16, 110, 160, 246, 72, 215, 3, 144,
       118, 106, 204, 110, 8, 137, 240, 245, 80, 213, 248, 35, 0, 65,
       136, 67, 160, 99, 32, 197, 77, 12, 79, 233, 24, 54, 224, 226, 194,
       208, 119, 148, 102, 121, 196, 123, 140, 129, 209, 255, 92, 20, 42,
       203, 144, 45, 168, 112, 244, 24, 6, 123, 237, 22, 10, 107, 112,
       116, 0, 126, 194, 83, 35, 176, 96, 122, 140, 46, 168, 168, 176,
       117, 14, 246, 175, 162, 0, 103, 170, 112, 160, 65, 34, 81, 65, 96,
       9, 105, 16, 105, 36, 182, 200, 143, 3, 148, 116, 34, 132, 110, 12,
       1, 96, 229, 64, 134, 248, 34, 48, 66, 128, 67, 37, 254, 38, 194,
       184, 19, 178, 90, 66, 189, 7, 193, 159, 15, 206, 55, 221, 255,
       169, 135, 181, 46, 135, 4, 206, 146, 119, 154, 219, 183, 69, 63,
       86, 169, 114, 123, 69, 48, 75, 99, 48, 116, 236, 118, 236, 243,
       21, 131, 48, 30, 60, 76, 108, 233, 180, 101, 14, 100, 143, 33,
       128, 76, 168, 70, 249 ]
