%YAML:1.0
---
features:
   -
      x: 2.0044801330566406e+02
      y: 7.3440008544921875e+02
      size: 5.3568004608154297e+01
      angle: 3.1144924926757812e+02
      response: 7.3250423884019256e-04
      octave: 3
      class_id: -1
      pt3d_x: 4.7672573852539062e+02
      pt3d_y: 4.1017795562744141e+01
      pt3d_z: 8.0103491210937500e+02
   -
      x: 2.5297923278808594e+02
      y: 7.0917132568359375e+02
      size: 6.4281608581542969e+01
      angle: 8.3741607666015625e+01
      response: 3.0185832292772830e-04
      octave: 4
      class_id: -1
      pt3d_x: 4.7987030029296875e+02
      pt3d_y: 4.2290069580078125e+01
      pt3d_z: 7.6371899414062500e+02
   -
      x: 7.5545416259765625e+02
      y: 6.1809887695312500e+02
      size: 9.2565528869628906e+01
      angle: 2.3208578491210938e+02
      response: 2.9069767333567142e-04
      octave: 6
      class_id: -1
      pt3d_x: 6.0120849609375000e+02
      pt3d_y: 1.5927997589111328e+01
      pt3d_z: 4.3267340087890625e+02
   -
      x: 9.3830407714843750e+02
      y: 7.4304010009765625e+02
      size: 5.3568004608154297e+01
      angle: 2.2986604309082031e+02
      response: 2.8383635799400508e-04
      octave: 3
      class_id: -1
      pt3d_x: 7.3263269042968750e+02
      pt3d_y: 2.1380399703979492e+01
      pt3d_z: 3.7228057861328125e+02
   -
      x: 130.
      y: 715.
      size: 31.
      angle: 2.9561779785156250e+02
      response: 2.6630287175066769e-04
      octave: 0
      class_id: -1
      pt3d_x: 4.4189062500000000e+02
      pt3d_y: 3.7338352203369141e+01
      pt3d_z: 8.3768408203125000e+02
   -
      x: 6.8080456542968750e+02
      y: 4.8372955322265625e+02
      size: 1.1107863616943359e+02
      angle: 2.1920596313476562e+02
      response: 2.3323582718148828e-04
      octave: 7
      class_id: -1
      pt3d_x: 4.9271261596679688e+02
      pt3d_y: 1.6075572967529297e+01
      pt3d_z: 4.2627667236328125e+02
   -
      x: 9.2067858886718750e+02
      y: 4.7526922607421875e+02
      size: 7.7137939453125000e+01
      angle: 1.7342654418945312e+02
      response: 2.1980585006531328e-04
      octave: 5
      class_id: -1
      pt3d_x: 5.7682556152343750e+02
      pt3d_y: 8.3682146072387695e+00
      pt3d_z: 2.6576678466796875e+02
   -
      x: 7.4280004882812500e+02
      y: 702.
      size: 3.7200000762939453e+01
      angle: 2.4217098999023438e+02
      response: 2.1192003623582423e-04
      octave: 1
      class_id: -1
      pt3d_x: 6.4369696044921875e+02
      pt3d_y: 1.8932956695556641e+01
      pt3d_z: 4.7299008178710938e+02
   -
      x: 9.0823699951171875e+02
      y: 5.7231372070312500e+02
      size: 7.7137939453125000e+01
      angle: 2.5126431274414062e+02
      response: 2.0268501248210669e-04
      octave: 5
      class_id: -1
      pt3d_x: 6.3138958740234375e+02
      pt3d_y: 1.2845795154571533e+00
      pt3d_z: 3.1324673461914062e+02
   -
      x: 237.
      y: 754.
      size: 31.
      angle: 2.9662609863281250e+02
      response: 2.0108665921725333e-04
      octave: 0
      class_id: -1
      pt3d_x: 5.0052142333984375e+02
      pt3d_y: 4.4247470855712891e+01
      pt3d_z: 7.8434002685546875e+02
descriptors: !!opencv-matrix
   rows: 10
   cols: 32
   dt: u
   data: [ 51, 6, 110, 13, 84, 11, 207, 104, 117, 230, 250, 175, 67, 104,
       150, 80, 120, 196, 71, 173, 172, 178, 109, 158, 114, 46, 161, 145,
       117, 174, 118, 196, 254, 120, 51, 170, 109, 85, 154, 72, 139, 252,
       181, 43, 12, 156, 119, 191, 204, 153, 247, 83, 12, 39, 234, 240,
       83, 81, 73, 191, 87, 47, 62, 215, 2, 196, 154, 186, 222, 193, 180,
       205, 158, 19, 193, 178, 228, 254, 40, 64, 249, 59, 171, 131, 114,
       7, 26, 243, 53, 38, 158, 11, 16, 90, 181, 138, 137, 120, 31, 186,
       75, 213, 49, 214, 254, 91, 64, 16, 188, 210, 104, 233, 165, 59,
       50, 82, 99, 95, 58, 113, 213, 145, 90, 42, 24, 17, 163, 251, 24,
       0, 70, 33, 71, 91, 96, 64, 116, 100, 194, 7, 195, 128, 18, 192,
       120, 140, 106, 140, 12, 176, 213, 0, 23, 99, 130, 1, 107, 12, 124,
       196, 180, 88, 25, 254, 28, 205, 19, 104, 142, 8, 129, 8, 182, 215,
       33, 32, 216, 57, 27, 98, 11, 39, 90, 63, 241, 128, 11, 58, 24, 11,
       5, 50, 86, 161, 132, 179, 141, 40, 44, 135, 170, 183, 139, 147,
       141, 170, 73, 74, 227, 199, 233, 145, 26, 80, 219, 224, 141, 247,
       223, 119, 132, 119, 189, 2, 80, 104, 123, 103, 48, 74, 107, 48,
       97, 224, 107, 232, 247, 7, 145, 48, 50, 189, 92, 234, 9, 144, 165,
       110, 196, 172, 32, 0, 36, 131, 6, 120, 81, 205, 94, 207, 26, 18,
       78, 167, 229, 2, 238, 2, 127, 115, 160, 246, 98, 230, 108, 170,
       105, 141, 65, 255, 178, 239, 86, 16, 50, 242, 232, 12, 11, 0, 71,
       217, 87, 3, 104, 88, 23, 32, 82, 198, 73, 195, 176, 228, 122, 140,
       54, 140, 169, 176, 101, 222, 22, 62, 131, 128, 63, 140, 112, 164 ]
