%YAML:1.0
---
features:
   -
      x: 903.
      y: 595.
      size: 31.
      angle: 1.9619563293457031e+02
      response: 9.1036723461002111e-04
      octave: 0
      class_id: -1
      pt3d_x: 5.9685473632812500e+02
      pt3d_y: 4.7845115661621094e+01
      pt3d_z: 1.0016886596679688e+03
   -
      x: 918.
      y: 531.
      size: 31.
      angle: 1.8765884399414062e+02
      response: 6.1866466421633959e-04
      octave: 0
      class_id: -1
      pt3d_x: 6.3325494384765625e+02
      pt3d_y: 4.6456035614013672e+01
      pt3d_z: 1.0187254638671875e+03
   -
      x: 961.
      y: 422.
      size: 31.
      angle: 1.8942559814453125e+02
      response: 6.1729247681796551e-04
      octave: 0
      class_id: -1
      pt3d_x: 7.0266094970703125e+02
      pt3d_y: 4.5073356628417969e+01
      pt3d_z: 1.0607709960937500e+03
   -
      x: 212.
      y: 748.
      size: 31.
      angle: 2.5521496582031250e+02
      response: 3.8285140180960298e-04
      octave: 0
      class_id: -1
      pt3d_x: 5.2594689941406250e+02
      pt3d_y: 3.4193622589111328e+01
      pt3d_z: 6.6465960693359375e+02
   -
      x: 5.4576000976562500e+02
      y: 7.5024005126953125e+02
      size: 4.4640003204345703e+01
      angle: 2.6428552246093750e+02
      response: 3.4687947481870651e-04
      octave: 2
      class_id: -1
      pt3d_x: 5.2826165771484375e+02
      pt3d_y: 2.2162792205810547e+01
      pt3d_z: 8.2166802978515625e+02
   -
      x: 8.6842388916015625e+02
      y: 6.8179986572265625e+02
      size: 7.7137939453125000e+01
      angle: 2.3006895446777344e+02
      response: 3.2581604318693280e-04
      octave: 5
      class_id: -1
      pt3d_x: 5.5234753417968750e+02
      pt3d_y: 5.0455104827880859e+01
      pt3d_z: 9.7362927246093750e+02
   -
      x: 893.
      y: 636.
      size: 31.
      angle: 2.0372116088867188e+02
      response: 2.1762555115856230e-04
      octave: 0
      class_id: -1
      pt3d_x: 5.7510797119140625e+02
      pt3d_y: 4.8800613403320312e+01
      pt3d_z: 9.9128918457031250e+02
   -
      x: 79.
      y: 684.
      size: 31.
      angle: 3.0144308471679688e+02
      response: 1.9987468840554357e-04
      octave: 0
      class_id: -1
      pt3d_x: 5.6335351562500000e+02
      pt3d_y: 1.3405051231384277e+01
      pt3d_z: 5.8538098144531250e+02
   -
      x: 475.
      y: 743.
      size: 31.
      angle: 2.5854241943359375e+02
      response: 1.9875787256751209e-04
      octave: 0
      class_id: -1
      pt3d_x: 5.2750640869140625e+02
      pt3d_y: 3.6867893218994141e+01
      pt3d_z: 7.8828527832031250e+02
   -
      x: 1.3063682556152344e+02
      y: 7.3405450439453125e+02
      size: 6.4281608581542969e+01
      angle: 2.2715347290039062e+02
      response: 1.7316604498773813e-04
      octave: 4
      class_id: -1
      pt3d_x: 5.3371734619140625e+02
      pt3d_y: 2.9590421676635742e+01
      pt3d_z: 6.2297283935546875e+02
descriptors: !!opencv-matrix
   rows: 10
   cols: 32
   dt: u
   data: [ 2, 154, 2, 154, 107, 129, 184, 200, 158, 29, 208, 167, 236,
       206, 106, 196, 239, 59, 235, 133, 6, 11, 138, 241, 20, 48, 155,
       171, 16, 12, 45, 223, 107, 32, 82, 72, 77, 93, 240, 64, 105, 64,
       176, 8, 10, 152, 22, 180, 232, 132, 234, 128, 13, 35, 240, 192,
       23, 120, 0, 27, 75, 12, 122, 134, 67, 168, 2, 186, 73, 213, 56,
       198, 175, 88, 128, 141, 172, 206, 98, 192, 229, 43, 251, 133, 7,
       11, 154, 241, 145, 48, 154, 187, 24, 4, 41, 222, 120, 32, 80, 224,
       45, 29, 88, 80, 41, 40, 176, 9, 143, 27, 4, 144, 174, 129, 223,
       12, 8, 34, 208, 192, 215, 217, 2, 51, 66, 4, 74, 2, 120, 48, 121,
       96, 41, 93, 81, 16, 43, 108, 164, 8, 159, 23, 0, 112, 132, 148,
       253, 0, 137, 34, 240, 16, 195, 249, 0, 50, 66, 128, 70, 115, 33,
       34, 72, 161, 96, 15, 104, 16, 60, 32, 242, 205, 151, 3, 144, 80,
       30, 140, 70, 12, 1, 210, 209, 64, 196, 185, 35, 160, 72, 136, 75,
       144, 65, 32, 117, 193, 100, 15, 233, 16, 108, 96, 114, 64, 219, 1,
       148, 244, 106, 140, 110, 12, 129, 176, 229, 192, 132, 248, 34, 0,
       108, 136, 67, 161, 55, 125, 120, 110, 250, 47, 159, 233, 137, 232,
       189, 9, 90, 253, 61, 48, 158, 243, 85, 111, 216, 35, 120, 186,
       243, 221, 13, 190, 85, 251, 150, 179, 56, 32, 80, 224, 45, 13, 80,
       64, 105, 40, 176, 9, 143, 25, 4, 144, 138, 129, 76, 0, 12, 34,
       208, 128, 147, 217, 1, 51, 66, 136, 74, 3, 74, 190, 148, 190, 187,
       133, 60, 230, 191, 31, 192, 181, 172, 227, 66, 207, 199, 123, 235,
       149, 54, 73, 218, 241, 204, 50, 94, 251, 154, 84, 171, 155 ]
