%YAML:1.0
---
features:
   -
      x: 5.4046325683593750e+02
      y: 4.8074356079101562e+02
      size: 9.2565528869628906e+01
      angle: 2.9458209228515625e+02
      response: 9.7548909252509475e-05
      octave: 6
      class_id: -1
      pt3d_x: 6.2459411621093750e+02
      pt3d_y: 3.5310337066650391e+01
      pt3d_z: 5.9728320312500000e+02
   -
      x: 1.1107863616943359e+02
      y: 5.6255957031250000e+02
      size: 1.1107863616943359e+02
      angle: 2.9016363525390625e+02
      response: 9.2963528004474938e-05
      octave: 7
      class_id: -1
      pt3d_x: 4.6535830688476562e+02
      pt3d_y: 3.3684051513671875e+01
      pt3d_z: 5.9293353271484375e+02
   -
      x: 5.4991882324218750e+02
      y: 7.1165966796875000e+02
      size: 7.7137939453125000e+01
      angle: 2.6759844970703125e+02
      response: 8.0353514931630343e-05
      octave: 5
      class_id: -1
      pt3d_x: 5.9996179199218750e+02
      pt3d_y: 3.5887626647949219e+01
      pt3d_z: 6.8931207275390625e+02
   -
      x: 146.
      y: 724.
      size: 31.
      angle: 2.3477369689941406e+02
      response: 7.7255142969079316e-05
      octave: 0
      class_id: -1
      pt3d_x: 4.7563623046875000e+02
      pt3d_y: 2.8270360946655273e+01
      pt3d_z: 6.5656683349609375e+02
   -
      x: 8.3488134765625000e+02
      y: 6.8080456542968750e+02
      size: 1.1107863616943359e+02
      angle: 2.4300387573242188e+02
      response: 7.6092721428722143e-05
      octave: 7
      class_id: -1
      pt3d_x: 6.9731231689453125e+02
      pt3d_y: 2.5075271606445312e+01
      pt3d_z: 6.9819097900390625e+02
   -
      x: 107.
      y: 731.
      size: 31.
      angle: 3.3407080078125000e+02
      response: 6.9423578679561615e-05
      octave: 0
      class_id: -1
      pt3d_x: 4.6335833740234375e+02
      pt3d_y: 2.7290777206420898e+01
      pt3d_z: 6.5521997070312500e+02
   -
      x: 7.3920001220703125e+02
      y: 7.4160003662109375e+02
      size: 3.7200000762939453e+01
      angle: 2.6904580688476562e+02
      response: 6.8994391767773777e-05
      octave: 1
      class_id: -1
      pt3d_x: 6.5848052978515625e+02
      pt3d_y: 2.2431659698486328e+01
      pt3d_z: 7.0854644775390625e+02
   -
      x: 6.0615490722656250e+02
      y: 6.9573443603515625e+02
      size: 9.2565528869628906e+01
      angle: 2.7172689819335938e+02
      response: 6.3700463215354830e-05
      octave: 6
      class_id: -1
      pt3d_x: 6.1925860595703125e+02
      pt3d_y: 3.5233253479003906e+01
      pt3d_z: 6.8848419189453125e+02
   -
      x: 1.4515202331542969e+02
      y: 5.6816650390625000e+02
      size: 6.4281608581542969e+01
      angle: 2.9136111450195312e+02
      response: 6.2462902860715985e-05
      octave: 4
      class_id: -1
      pt3d_x: 4.7640902709960938e+02
      pt3d_y: 3.0789896011352539e+01
      pt3d_z: 5.9647259521484375e+02
   -
      x: 6.0197454833984375e+02
      y: 5.3389410400390625e+02
      size: 1.1107863616943359e+02
      angle: 2.9601135253906250e+02
      response: 6.0954997024964541e-05
      octave: 7
      class_id: -1
      pt3d_x: 6.3635351562500000e+02
      pt3d_y: 4.3232704162597656e+01
      pt3d_z: 6.3284674072265625e+02
   -
      x: 1.8274227905273438e+02
      y: 5.7689227294921875e+02
      size: 1.1107863616943359e+02
      angle: 2.8300811767578125e+02
      response: 6.0132006183266640e-05
      octave: 7
      class_id: -1
      pt3d_x: 4.8790335083007812e+02
      pt3d_y: 2.4481693267822266e+01
      pt3d_z: 5.9861267089843750e+02
   -
      x: 7.7396728515625000e+02
      y: 2.7948818969726562e+02
      size: 1.1107863616943359e+02
      angle: 2.4025875854492188e+02
      response: 5.8015397371491417e-05
      octave: 7
      class_id: -1
      pt3d_x: 7.6820416259765625e+02
      pt3d_y: 3.4505619049072266e+01
      pt3d_z: 5.0543438720703125e+02
   -
      x: 5.9421099853515625e+02
      y: 4.8671551513671875e+02
      size: 9.2565528869628906e+01
      angle: 2.8385330200195312e+02
      response: 5.7185210607713088e-05
      octave: 6
      class_id: -1
      pt3d_x: 6.4193670654296875e+02
      pt3d_y: 4.0479129791259766e+01
      pt3d_z: 6.0949572753906250e+02
   -
      x: 5.8752006530761719e+01
      y: 5.3222406005859375e+02
      size: 5.3568004608154297e+01
      angle: 2.8834780883789062e+02
      response: 5.5929376685526222e-05
      octave: 3
      class_id: -1
      pt3d_x: 4.4893365478515625e+02
      pt3d_y: 4.1213504791259766e+01
      pt3d_z: 5.8059130859375000e+02
   -
      x: 339.
      y: 754.
      size: 31.
      angle: 1.8039212036132812e+02
      response: 5.3441792260855436e-05
      octave: 0
      class_id: -1
      pt3d_x: 5.3374713134765625e+02
      pt3d_y: 2.7363311767578125e+01
      pt3d_z: 6.8196740722656250e+02
   -
      x: 2.2932363891601562e+02
      y: 4.2281546020507812e+02
      size: 1.1107863616943359e+02
      angle: 2.7342736816406250e+02
      response: 4.6798042603768408e-05
      octave: 7
      class_id: -1
      pt3d_x: 5.0996713256835938e+02
      pt3d_y: 2.6345758438110352e+01
      pt3d_z: 5.2582086181640625e+02
   -
      x: 8.6400009155273438e+01
      y: 6.8601605224609375e+02
      size: 5.3568004608154297e+01
      angle: 1.1163011169433594e+02
      response: 4.6678644139319658e-05
      octave: 3
      class_id: -1
      pt3d_x: 4.5633880615234375e+02
      pt3d_y: 2.7237846374511719e+01
      pt3d_z: 6.3710839843750000e+02
   -
      x: 5.4822680664062500e+02
      y: 6.1630725097656250e+02
      size: 1.1107863616943359e+02
      angle: 8.5274024963378906e+01
      response: 4.6019729779800400e-05
      octave: 7
      class_id: -1
      pt3d_x: 6.1005401611328125e+02
      pt3d_y: 3.4531314849853516e+01
      pt3d_z: 6.5541363525390625e+02
   -
      x: 98.
      y: 592.
      size: 31.
      angle: 3.0454858398437500e+02
      response: 4.5441753172781318e-05
      octave: 0
      class_id: -1
      pt3d_x: 4.6102725219726562e+02
      pt3d_y: 3.3185722351074219e+01
      pt3d_z: 6.0456134033203125e+02
   -
      x: 6.9872045898437500e+02
      y: 3.0457046508789062e+02
      size: 1.1107863616943359e+02
      angle: 2.3123056030273438e+02
      response: 4.4988431909587234e-05
      octave: 7
      class_id: -1
      pt3d_x: 7.2469982910156250e+02
      pt3d_y: 3.6825069427490234e+01
      pt3d_z: 5.1608465576171875e+02
