%YAML:1.0
---
features:
   -
      x: 110.
      y: 595.
      size: 31.
      angle: 2.9823870849609375e+02
      response: 3.3586986828595400e-03
      octave: 0
      class_id: -1
      pt3d_x: 2.1873695373535156e+02
      pt3d_y: 3.8792961120605469e+01
      pt3d_z: 5.9920794677734375e+02
   -
      x: 2.9520001220703125e+02
      y: 6.3360003662109375e+02
      size: 4.4640003204345703e+01
      angle: 2.6919128417968750e+02
      response: 1.3368129730224609e-03
      octave: 2
      class_id: -1
      pt3d_x: 2.9233709716796875e+02
      pt3d_y: 2.3488603591918945e+01
      pt3d_z: 5.9815795898437500e+02
   -
      x: 4.2400982666015625e+02
      y: 6.2407080078125000e+02
      size: 9.2565528869628906e+01
      angle: 2.7728869628906250e+02
      response: 9.7034132340922952e-04
      octave: 6
      class_id: -1
      pt3d_x: 3.4595333862304688e+02
      pt3d_y: 3.6090103149414062e+01
      pt3d_z: 6.0178515625000000e+02
   -
      x: 163.
      y: 637.
      size: 31.
      angle: 2.8385021972656250e+02
      response: 8.6816673865541816e-04
      octave: 0
      class_id: -1
      pt3d_x: 2.5004899597167969e+02
      pt3d_y: 4.0576396942138672e+01
      pt3d_z: 6.2198638916015625e+02
   -
      x: 8.5320001220703125e+02
      y: 6.0720001220703125e+02
      size: 3.7200000762939453e+01
      angle: 2.7081161499023438e+02
      response: 7.4802368180826306e-04
      octave: 1
      class_id: -1
      pt3d_x: 5.2386810302734375e+02
      pt3d_y: 1.4697275161743164e+01
      pt3d_z: 5.5282153320312500e+02
   -
      x: 458.
      y: 612.
      size: 31.
      angle: 2.5968518066406250e+02
      response: 7.0101418532431126e-04
      octave: 0
      class_id: -1
      pt3d_x: 3.5902316284179688e+02
      pt3d_y: 4.0665534973144531e+01
      pt3d_z: 5.9887652587890625e+02
   -
      x: 512.
      y: 626.
      size: 31.
      angle: 2.6092816162109375e+02
      response: 5.6863209465518594e-04
      octave: 0
      class_id: -1
      pt3d_x: 3.8064346313476562e+02
      pt3d_y: 4.2305465698242188e+01
      pt3d_z: 6.0649914550781250e+02
   -
      x: 3.4127999877929688e+02
      y: 6.2784002685546875e+02
      size: 4.4640003204345703e+01
      angle: 2.5485156250000000e+02
      response: 4.5667379163205624e-04
      octave: 2
      class_id: -1
      pt3d_x: 3.0877606201171875e+02
      pt3d_y: 1.9621038436889648e+01
      pt3d_z: 5.8914910888671875e+02
   -
      x: 614.
      y: 612.
      size: 31.
      angle: 2.6739984130859375e+02
      response: 4.2944209417328238e-04
      octave: 0
      class_id: -1
      pt3d_x: 4.1959600830078125e+02
      pt3d_y: 3.8296997070312500e+01
      pt3d_z: 5.9097747802734375e+02
   -
      x: 665.
      y: 605.
      size: 31.
      angle: 2.6880615234375000e+02
      response: 3.7913143751211464e-04
      octave: 0
      class_id: -1
      pt3d_x: 4.3910687255859375e+02
      pt3d_y: 4.2613098144531250e+01
      pt3d_z: 5.9005096435546875e+02
   -
      x: 563.
      y: 603.
      size: 31.
      angle: 2.4648980712890625e+02
      response: 2.4404912255704403e-04
      octave: 0
      class_id: -1
      pt3d_x: 3.9948263549804688e+02
      pt3d_y: 2.2840600967407227e+01
      pt3d_z: 5.7027392578125000e+02
   -
      x: 392.
      y: 611.
      size: 31.
      angle: 2.3705520629882812e+02
      response: 2.2144813556224108e-04
      octave: 0
      class_id: -1
      pt3d_x: 3.2758663940429688e+02
      pt3d_y: 1.8165088653564453e+01
      pt3d_z: 5.7631030273437500e+02
   -
      x: 1.3138333129882812e+02
      y: 6.2407080078125000e+02
      size: 9.2565528869628906e+01
      angle: 2.9788958740234375e+02
      response: 1.6250149928964674e-04
      octave: 6
      class_id: -1
      pt3d_x: 2.3804598999023438e+02
      pt3d_y: 4.5152271270751953e+01
      pt3d_z: 6.2094036865234375e+02
   -
      x: 8.8335382080078125e+02
      y: 5.9968524169921875e+02
      size: 7.7137939453125000e+01
      angle: 2.5362472534179688e+02
      response: 1.4659322914667428e-04
      octave: 5
      class_id: -1
      pt3d_x: 5.4207403564453125e+02
      pt3d_y: 6.3201909065246582e+00
      pt3d_z: 5.3670416259765625e+02
   -
      x: 7.6680004882812500e+02
      y: 6.0120001220703125e+02
      size: 3.7200000762939453e+01
      angle: 2.6171307373046875e+02
      response: 1.4612833911087364e-04
      octave: 1
      class_id: -1
      pt3d_x: 4.8056378173828125e+02
      pt3d_y: 3.6233516693115234e+01
      pt3d_z: 5.7697113037109375e+02
   -
      x: 128.
      y: 567.
      size: 31.
      angle: 3.2779457092285156e+01
      response: 1.4375100727193058e-04
      octave: 0
      class_id: -1
      pt3d_x: 2.0890147399902344e+02
      pt3d_y: 2.4692760467529297e+01
      pt3d_z: 5.6583117675781250e+02
   -
      x: 318.
      y: 605.
      size: 31.
      angle: 1.7715184020996094e+02
      response: 1.3126438716426492e-04
      octave: 0
      class_id: -1
      pt3d_x: 2.9798034667968750e+02
      pt3d_y: 2.4891578674316406e+01
      pt3d_z: 5.8266851806640625e+02
   -
      x: 818.
      y: 598.
      size: 31.
      angle: 2.7686746215820312e+02
      response: 1.2616619642358273e-04
      octave: 0
      class_id: -1
      pt3d_x: 5.0255599975585938e+02
      pt3d_y: 3.3975250244140625e+01
      pt3d_z: 5.7071807861328125e+02
   -
      x: 916.
      y: 594.
      size: 31.
      angle: 2.6681829833984375e+02
      response: 1.1903099220944569e-04
      octave: 0
      class_id: -1
      pt3d_x: 5.5348468017578125e+02
      pt3d_y: 1.4231546401977539e+01
      pt3d_z: 5.4137963867187500e+02
   -
      x: 8.9880004882812500e+02
      y: 5.4840002441406250e+02
      size: 3.7200000762939453e+01
      angle: 2.6148394775390625e+02
      response: 1.0371592361479998e-04
      octave: 1
      class_id: -1
      pt3d_x: 5.5830181884765625e+02
      pt3d_y: 6.5667462348937988e+00
      pt3d_z: 4.9942395019531250e+02
