%YAML:1.0
---
features:
   -
      x: 7.3156622314453125e+02
      y: 3.5582983398437500e+02
      size: 7.7137939453125000e+01
      angle: 2.5843884277343750e+02
      response: 9.1955793322995305e-04
      octave: 5
      class_id: -1
      pt3d_x: -1.9986784362792969e+02
      pt3d_y: -6.4877113342285156e+01
      pt3d_z: 6.2117675781250000e+02
   -
      x: 3.4680001831054688e+02
      y: 4.8600003051757812e+02
      size: 3.7200000762939453e+01
      angle: 2.5628143310546875e+02
      response: 9.1929547488689423e-04
      octave: 1
      class_id: -1
      pt3d_x: 1.8884146118164062e+02
      pt3d_y: 3.8408355712890625e+01
      pt3d_z: 8.3434399414062500e+02
   -
      x: 8.5996362304687500e+02
      y: 3.1890319824218750e+02
      size: 1.1107863616943359e+02
      angle: 2.5355337524414062e+02
      response: 7.7374844113364816e-04
      octave: 7
      class_id: -1
      pt3d_x: -2.8043713378906250e+02
      pt3d_y: -3.7784042358398438e+01
      pt3d_z: 5.1249530029296875e+02
   -
      x: 447.
      y: 463.
      size: 31.
      angle: 2.4061276245117188e+02
      response: 7.4047368252649903e-04
      octave: 0
      class_id: -1
      pt3d_x: 1.3992749023437500e+02
      pt3d_y: 4.4580802917480469e+01
      pt3d_z: 7.7208355712890625e+02
   -
      x: 410.
      y: 475.
      size: 31.
      angle: 2.4808090209960938e+02
      response: 6.2555517069995403e-04
      octave: 0
      class_id: -1
      pt3d_x: 1.6233398437500000e+02
      pt3d_y: 4.3931442260742188e+01
      pt3d_z: 7.9253857421875000e+02
   -
      x: 510.
      y: 443.
      size: 31.
      angle: 2.4784722900390625e+02
      response: 5.8973534032702446e-04
      octave: 0
      class_id: -1
      pt3d_x: 1.0014640045166016e+02
      pt3d_y: 4.4580310821533203e+01
      pt3d_z: 7.3648126220703125e+02
   -
      x: 159.
      y: 465.
      size: 31.
      angle: 3.2717736816406250e+02
      response: 4.6892114914953709e-04
      octave: 0
      class_id: -1
      pt3d_x: 2.3966062927246094e+02
      pt3d_y: 5.0601783752441406e+01
      pt3d_z: 9.6868206787109375e+02
   -
      x: 1.9110302734375000e+02
      y: 4.9268750000000000e+02
      size: 9.2565528869628906e+01
      angle: 3.1580242919921875e+02
      response: 4.3920491589233279e-04
      octave: 6
      class_id: -1
      pt3d_x: 2.5057728576660156e+02
      pt3d_y: 4.9963008880615234e+01
      pt3d_z: 9.3014007568359375e+02
   -
      x: 477.
      y: 452.
      size: 31.
      angle: 2.5794921875000000e+02
      response: 3.5200492129661143e-04
      octave: 0
      class_id: -1
      pt3d_x: 1.1854226684570312e+02
      pt3d_y: 4.3025848388671875e+01
      pt3d_z: 7.5661712646484375e+02
   -
      x: 929.
      y: 312.
      size: 31.
      angle: 2.5548048400878906e+02
      response: 3.1010594102554023e-04
      octave: 0
      class_id: -1
      pt3d_x: -3.1505218505859375e+02
      pt3d_y: -3.3390571594238281e+01
      pt3d_z: 4.4865545654296875e+02
descriptors: !!opencv-matrix
   rows: 10
   cols: 32
   dt: u
   data: [ 50, 48, 137, 253, 92, 75, 202, 120, 22, 160, 210, 234, 211,
       253, 16, 96, 89, 252, 123, 161, 41, 242, 91, 31, 189, 166, 233,
       148, 125, 40, 48, 176, 26, 18, 86, 157, 62, 147, 50, 88, 95, 72,
       210, 231, 78, 204, 166, 196, 222, 105, 175, 37, 175, 179, 14, 223,
       162, 118, 163, 131, 30, 140, 56, 215, 35, 134, 238, 29, 124, 147,
       184, 232, 222, 212, 240, 175, 96, 232, 182, 64, 251, 237, 227,
       165, 164, 243, 79, 221, 92, 10, 207, 143, 85, 44, 122, 198, 114,
       32, 18, 168, 13, 77, 208, 72, 175, 36, 160, 11, 78, 218, 36, 212,
       232, 149, 234, 129, 12, 99, 219, 208, 145, 240, 131, 59, 81, 12,
       126, 134, 96, 32, 90, 225, 111, 77, 248, 64, 45, 32, 242, 10, 142,
       27, 4, 80, 234, 145, 78, 128, 8, 51, 81, 192, 149, 152, 2, 51, 69,
       0, 71, 130, 106, 32, 50, 152, 73, 221, 16, 72, 175, 76, 132, 9,
       14, 214, 34, 244, 200, 161, 202, 0, 12, 3, 178, 208, 211, 113, 11,
       59, 18, 4, 47, 70, 49, 4, 99, 77, 116, 15, 227, 120, 116, 96, 242,
       70, 83, 33, 148, 112, 120, 204, 38, 44, 169, 176, 125, 30, 100,
       174, 33, 0, 125, 138, 112, 160, 57, 16, 7, 13, 77, 95, 97, 88,
       118, 108, 230, 6, 211, 0, 2, 228, 120, 140, 106, 12, 45, 178, 113,
       28, 213, 227, 162, 0, 122, 8, 120, 224, 8, 18, 7, 137, 74, 75, 33,
       88, 100, 100, 194, 231, 193, 129, 160, 196, 104, 140, 234, 140, 9,
       147, 215, 0, 84, 34, 162, 0, 59, 12, 112, 208, 25, 16, 119, 201,
       78, 91, 224, 64, 125, 96, 242, 98, 219, 144, 180, 228, 122, 220,
       62, 136, 9, 176, 117, 192, 21, 42, 130, 0, 127, 136, 112, 164 ]
